benchmark_id,run_id,method,method_variant,seed,horizon_budget,event_id,start_time,core_start_time,core_end_time,end_time,anchor_unit_ids,evidence_unit_ids,num_positive_anchors,num_negative_barriers,verification_state,confidence,returned_seconds,materializer,materializer_config_hash,prefix_call_idx
cbbv2_514c0d360fd5b2a4b5fe,native_track_B0_uniform_random_random_native_confirmed_s057_b100,B0_uniform_random,random_native_confirmed,57,100,native_track_B0_uniform_random_random_native_confirmed_s057_b100_event_0000,2830.0,2830.0,2840.0,2840.0,283,283,1,0,oracle_confirmed,1.0,10.0,k3_bridge_safe,dbdfb47e221ddd8c9f45f0ad268d380bd3f8c6fb2155bd8469807d85132a631c,1
cbbv2_514c0d360fd5b2a4b5fe,native_track_B0_uniform_random_random_native_confirmed_s057_b100,B0_uniform_random,random_native_confirmed,57,100,native_track_B0_uniform_random_random_native_confirmed_s057_b100_event_0000,2830.0,2830.0,2840.0,2840.0,283,283,1,0,oracle_confirmed,1.0,10.0,k3_bridge_safe,dbdfb47e221ddd8c9f45f0ad268d380bd3f8c6fb2155bd8469807d85132a631c,2
cbbv2_514c0d360fd5b2a4b5fe,native_track_B0_uniform_random_random_native_confirmed_s057_b100,B0_uniform_random,random_native_confirmed,57,100,native_track_B0_uniform_random_random_native_confirmed_s057_b100_event_0000,2830.0,2830.0,2840.0,2840.0,283,283,1,0,oracle_confirmed,1.0,10.0,k3_bridge_safe,dbdfb47e221ddd8c9f45f0ad268d380bd3f8c6fb2155bd8469807d85132a631c,3
cbbv2_514c0d360fd5b2a4b5fe,native_track_B0_uniform_random_random_native_confirmed_s057_b100,B0_uniform_random,random_native_confirmed,57,100,native_track_B0_uniform_random_random_native_confirmed_s057_b100_event_0000,2830.0,2830.0,2840.0,2840.0,283,283,1,0,oracle_confirmed,1.0,10.0,k3_bridge_safe,dbdfb47e221ddd8c9f45f0ad268d380bd3f8c6fb2155bd8469807d85132a631c,4
cbbv2_514c0d360fd5b2a4b5fe,native_track_B0_uniform_random_random_native_confirmed_s057_b100,B0_uniform_random,random_native_confirmed,57,100,native_track_B0_uniform_random_random_native_confirmed_s057_b100_event_0000,2830.0,2830.0,2840.0,2840.0,283,283,1,0,oracle_confirmed,1.0,10.0,k3_bridge_safe,dbdfb47e221ddd8c9f45f0ad268d380bd3f8c6fb2155bd8469807d85132a631c,5
cbbv2_514c0d360fd5b2a4b5fe,native_track_B0_uniform_random_random_native_confirmed_s057_b100,B0_uniform_random,random_native_confirmed,57,100,native_track_B0_uniform_random_random_native_confirmed_s057_b100_event_0000,2830.0,2830.0,2840.0,2840.0,283,283,1,0,oracle_confirmed,1.0,10.0,k3_bridge_safe,dbdfb47e221ddd8c9f45f0ad268d380bd3f8c6fb2155bd8469807d85132a631c,6
cbbv2_514c0d360fd5b2a4b5fe,native_track_B0_uniform_random_random_native_confirmed_s057_b100,B0_uniform_random,random_native_confirmed,57,100,native_track_B0_uniform_random_random_native_confirmed_s057_b100_event_0000,2830.0,2830.0,2840.0,2840.0,283,283,1,0,oracle_confirmed,1.0,10.0,k3_bridge_safe,dbdfb47e221ddd8c9f45f0ad268d380bd3f8c6fb2155bd8469807d85132a631c,7
cbbv2_514c0d360fd5b2a4b5fe,native_track_B0_uniform_random_random_native_confirmed_s057_b100,B0_uniform_random,random_native_confirmed,57,100,native_track_B0_uniform_random_random_native_confirmed_s057_b100_event_0001,2970.0,2970.0,2980.0,2980.0,297,297,1,0,oracle_confirmed,1.0,10.0,k3_bridge_safe,dbdfb47e221ddd8c9f45f0ad268d380bd3f8c6fb2155bd8469807d85132a631c,7
cbbv2_514c0d360fd5b2a4b5fe,native_track_B0_uniform_random_random_native_confirmed_s057_b100,B0_uniform_random,random_native_confirmed,57,100,native_track_B0_uniform_random_random_native_confirmed_s057_b100_event_0000,2830.0,2830.0,2840.0,2840.0,283,283,1,0,oracle_confirmed,1.0,10.0,k3_bridge_safe,dbdfb47e221ddd8c9f45f0ad268d380bd3f8c6fb2155bd8469807d85132a631c,8
cbbv2_514c0d360fd5b2a4b5fe,native_track_B0_uniform_random_random_native_confirmed_s057_b100,B0_uniform_random,random_native_confirmed,57,100,native_track_B0_uniform_random_random_native_confirmed_s057_b100_event_0001,2970.0,2970.0,2980.0,2980.0,297,297,1,0,oracle_confirmed,1.0,10.0,k3_bridge_safe,dbdfb47e221ddd8c9f45f0ad268d380bd3f8c6fb2155bd8469807d85132a631c,8
cbbv2_514c0d360fd5b2a4b5fe,native_track_B0_uniform_random_random_native_confirmed_s057_b100,B0_uniform_random,random_native_confirmed,57,100,native_track_B0_uniform_random_random_native_confirmed_s057_b100_event_0000,1610.0,1610.0,1620.0,1620.0,161,161,1,0,oracle_confirmed,1.0,10.0,k3_bridge_safe,dbdfb47e221ddd8c9f45f0ad268d380bd3f8c6fb2155bd8469807d85132a631c,9
cbbv2_514c0d360fd5b2a4b5fe,native_track_B0_uniform_random_random_native_confirmed_s057_b100,B0_uniform_random,random_native_confirmed,57,100,native_track_B0_uniform_random_random_native_confirmed_s057_b100_event_0001,2830.0,2830.0,2840.0,2840.0,283,283,1,0,oracle_confirmed,1.0,10.0,k3_bridge_safe,dbdfb47e221ddd8c9f45f0ad268d380bd3f8c6fb2155bd8469807d85132a631c,9
cbbv2_514c0d360fd5b2a4b5fe,native_track_B0_uniform_random_random_native_confirmed_s057_b100,B0_uniform_random,random_native_confirmed,57,100,native_track_B0_uniform_random_random_native_confirmed_s057_b100_event_0002,2970.0,2970.0,2980.0,2980.0,297,297,1,0,oracle_confirmed,1.0,10.0,k3_bridge_safe,dbdfb47e221ddd8c9f45f0ad268d380bd3f8c6fb2155bd8469807d85132a631c,9
cbbv2_514c0d360fd5b2a4b5fe,native_track_B0_uniform_random_random_native_confirmed_s057_b100,B0_uniform_random,random_native_confirmed,57,100,native_track_B0_uniform_random_random_native_confirmed_s057_b100_event_0000,1610.0,1610.0,1620.0,1620.0,161,161,1,0,oracle_confirmed,1.0,10.0,k3_bridge_safe,dbdfb47e221ddd8c9f45f0ad268d380bd3f8c6fb2155bd8469807d85132a631c,10
cbbv2_514c0d360fd5b2a4b5fe,native_track_B0_uniform_random_random_native_confirmed_s057_b100,B0_uniform_random,random_native_confirmed,57,100,native_track_B0_uniform_random_random_native_confirmed_s057_b100_event_0001,2830.0,2830.0,2840.0,2840.0,283,283,1,0,oracle_confirmed,1.0,10.0,k3_bridge_safe,dbdfb47e221ddd8c9f45f0ad268d380bd3f8c6fb2155bd8469807d85132a631c,10
cbbv2_514c0d360fd5b2a4b5fe,native_track_B0_uniform_random_random_native_confirmed_s057_b100,B0_uniform_random,random_native_confirmed,57,100,native_track_B0_uniform_random_random_native_confirmed_s057_b100_event_0002,2970.0,2970.0,2980.0,2980.0,297,297,1,0,oracle_confirmed,1.0,10.0,k3_bridge_safe,dbdfb47e221ddd8c9f45f0ad268d380bd3f8c6fb2155bd8469807d85132a631c,10
cbbv2_514c0d360fd5b2a4b5fe,native_track_B0_uniform_random_random_native_confirmed_s057_b100,B0_uniform_random,random_native_confirmed,57,100,native_track_B0_uniform_random_random_native_confirmed_s057_b100_event_0000,1610.0,1610.0,1620.0,1620.0,161,161,1,0,oracle_confirmed,1.0,10.0,k3_bridge_safe,dbdfb47e221ddd8c9f45f0ad268d380bd3f8c6fb2155bd8469807d85132a631c,11
cbbv2_514c0d360fd5b2a4b5fe,native_track_B0_uniform_random_random_native_confirmed_s057_b100,B0_uniform_random,random_native_confirmed,57,100,native_track_B0_uniform_random_random_native_confirmed_s057_b100_event_0001,2830.0,2830.0,2840.0,2840.0,283,283,1,0,oracle_confirmed,1.0,10.0,k3_bridge_safe,dbdfb47e221ddd8c9f45f0ad268d380bd3f8c6fb2155bd8469807d85132a631c,11
cbbv2_514c0d360fd5b2a4b5fe,native_track_B0_uniform_random_random_native_confirmed_s057_b100,B0_uniform_random,random_native_confirmed,57,100,native_track_B0_uniform_random_random_native_confirmed_s057_b100_event_0002,2970.0,2970.0,2980.0,2980.0,297,297,1,0,oracle_confirmed,1.0,10.0,k3_bridge_safe,dbdfb47e221ddd8c9f45f0ad268d380bd3f8c6fb2155bd8469807d85132a631c,11
cbbv2_514c0d360fd5b2a4b5fe,native_track_B0_uniform_random_random_native_confirmed_s057_b100,B0_uniform_random,random_native_confirmed,57,100,native_track_B0_uniform_random_random_native_confirmed_s057_b100_event_0000,1610.0,1610.0,1620.0,1620.0,161,161,1,0,oracle_confirmed,1.0,10.0,k3_bridge_safe,dbdfb47e221ddd8c9f45f0ad268d380bd3f8c6fb2155bd8469807d85132a631c,12
cbbv2_514c0d360fd5b2a4b5fe,native_track_B0_uniform_random_random_native_confirmed_s057_b100,B0_uniform_random,random_native_confirmed,57,100,native_track_B0_uniform_random_random_native_confirmed_s057_b100_event_0001,2830.0,2830.0,2840.0,2840.0,283,283,1,0,oracle_confirmed,1.0,10.0,k3_bridge_safe,dbdfb47e221ddd8c9f45f0ad268d380bd3f8c6fb2155bd8469807d85132a631c,12
cbbv2_514c0d360fd5b2a4b5fe,native_track_B0_uniform_random_random_native_confirmed_s057_b100,B0_uniform_random,random_native_confirmed,57,100,native_track_B0_uniform_random_random_native_confirmed_s057_b100_event_0002,2970.0,2970.0,2980.0,2980.0,297,297,1,0,oracle_confirmed,1.0,10.0,k3_bridge_safe,dbdfb47e221ddd8c9f45f0ad268d380bd3f8c6fb2155bd8469807d85132a631c,12
cbbv2_514c0d360fd5b2a4b5fe,native_track_B0_uniform_random_random_native_confirmed_s057_b100,B0_uniform_random,random_native_confirmed,57,100,native_track_B0_uniform_random_random_native_confirmed_s057_b100_event_0000,1610.0,1610.0,1620.0,1620.0,161,161,1,0,oracle_confirmed,1.0,10.0,k3_bridge_safe,dbdfb47e221ddd8c9f45f0ad268d380bd3f8c6fb2155bd8469807d85132a631c,13
cbbv2_514c0d360fd5b2a4b5fe,native_track_B0_uniform_random_random_native_confirmed_s057_b100,B0_uniform_random,random_native_confirmed,57,100,native_track_B0_uniform_random_random_native_confirmed_s057_b100_event_0001,2830.0,2830.0,2840.0,2840.0,283,283,1,0,oracle_confirmed,1.0,10.0,k3_bridge_safe,dbdfb47e221ddd8c9f45f0ad268d380bd3f8c6fb2155bd8469807d85132a631c,13
cbbv2_514c0d360fd5b2a4b5fe,native_track_B0_uniform_random_random_native_confirmed_s057_b100,B0_uniform_random,random_native_confirmed,57,100,native_track_B0_uniform_random_random_native_confirmed_s057_b100_event_0002,2970.0,2970.0,2980.0,2980.0,297,297,1,0,oracle_confirmed,1.0,10.0,k3_bridge_safe,dbdfb47e221ddd8c9f45f0ad268d380bd3f8c6fb2155bd8469807d85132a631c,13
cbbv2_514c0d360fd5b2a4b5fe,native_track_B0_uniform_random_random_native_confirmed_s057_b100,B0_uniform_random,random_native_confirmed,57,100,native_track_B0_uniform_random_random_native_confirmed_s057_b100_event_0000,1610.0,1610.0,1620.0,1620.0,161,161,1,0,oracle_confirmed,1.0,10.0,k3_bridge_safe,dbdfb47e221ddd8c9f45f0ad268d380bd3f8c6fb2155bd8469807d85132a631c,14
cbbv2_514c0d360fd5b2a4b5fe,native_track_B0_uniform_random_random_native_confirmed_s057_b100,B0_uniform_random,random_native_confirmed,57,100,native_track_B0_uniform_random_random_native_confirmed_s057_b100_event_0001,2830.0,2830.0,2840.0,2840.0,283,283,1,0,oracle_confirmed,1.0,10.0,k3_bridge_safe,dbdfb47e221ddd8c9f45f0ad268d380bd3f8c6fb2155bd8469807d85132a631c,14
cbbv2_514c0d360fd5b2a4b5fe,native_track_B0_uniform_random_random_native_confirmed_s057_b100,B0_uniform_random,random_native_confirmed,57,100,native_track_B0_uniform_random_random_native_confirmed_s057_b100_event_0002,2970.0,2970.0,2980.0,2980.0,297,297,1,0,oracle_confirmed,1.0,10.0,k3_bridge_safe,dbdfb47e221ddd8c9f45f0ad268d380bd3f8c6fb2155bd8469807d85132a631c,14
cbbv2_514c0d360fd5b2a4b5fe,native_track_B0_uniform_random_random_native_confirmed_s057_b100,B0_uniform_random,random_native_confirmed,57,100,native_track_B0_uniform_random_random_native_confirmed_s057_b100_event_0000,1610.0,1610.0,1620.0,1620.0,161,161,1,0,oracle_confirmed,1.0,10.0,k3_bridge_safe,dbdfb47e221ddd8c9f45f0ad268d380bd3f8c6fb2155bd8469807d85132a631c,15
cbbv2_514c0d360fd5b2a4b5fe,native_track_B0_uniform_random_random_native_confirmed_s057_b100,B0_uniform_random,random_native_confirmed,57,100,native_track_B0_uniform_random_random_native_confirmed_s057_b100_event_0001,2830.0,2830.0,2840.0,2840.0,283,283,1,0,oracle_confirmed,1.0,10.0,k3_bridge_safe,dbdfb47e221ddd8c9f45f0ad268d380bd3f8c6fb2155bd8469807d85132a631c,15
cbbv2_514c0d360fd5b2a4b5fe,native_track_B0_uniform_random_random_native_confirmed_s057_b100,B0_uniform_random,random_native_confirmed,57,100,native_track_B0_uniform_random_random_native_confirmed_s057_b100_event_0002,2970.0,2970.0,2980.0,2980.0,297,297,1,0,oracle_confirmed,1.0,10.0,k3_bridge_safe,dbdfb47e221ddd8c9f45f0ad268d380bd3f8c6fb2155bd8469807d85132a631c,15
cbbv2_514c0d360fd5b2a4b5fe,native_track_B0_uniform_random_random_native_confirmed_s057_b100,B0_uniform_random,random_native_confirmed,57,100,native_track_B0_uniform_random_random_native_confirmed_s057_b100_event_0000,1290.0,1290.0,1300.0,1300.0,129,129,1,0,oracle_confirmed,1.0,10.0,k3_bridge_safe,dbdfb47e221ddd8c9f45f0ad268d380bd3f8c6fb2155bd8469807d85132a631c,16
cbbv2_514c0d360fd5b2a4b5fe,native_track_B0_uniform_random_random_native_confirmed_s057_b100,B0_uniform_random,random_native_confirmed,57,100,native_track_B0_uniform_random_random_native_confirmed_s057_b100_event_0001,1610.0,1610.0,1620.0,1620.0,161,161,1,0,oracle_confirmed,1.0,10.0,k3_bridge_safe,dbdfb47e221ddd8c9f45f0ad268d380bd3f8c6fb2155bd8469807d85132a631c,16
cbbv2_514c0d360fd5b2a4b5fe,native_track_B0_uniform_random_random_native_confirmed_s057_b100,B0_uniform_random,random_native_confirmed,57,100,native_track_B0_uniform_random_random_native_confirmed_s057_b100_event_0002,2830.0,2830.0,2840.0,2840.0,283,283,1,0,oracle_confirmed,1.0,10.0,k3_bridge_safe,dbdfb47e221ddd8c9f45f0ad268d380bd3f8c6fb2155bd8469807d85132a631c,16
cbbv2_514c0d360fd5b2a4b5fe,native_track_B0_uniform_random_random_native_confirmed_s057_b100,B0_uniform_random,random_native_confirmed,57,100,native_track_B0_uniform_random_random_native_confirmed_s057_b100_event_0003,2970.0,2970.0,2980.0,2980.0,297,297,1,0,oracle_confirmed,1.0,10.0,k3_bridge_safe,dbdfb47e221ddd8c9f45f0ad268d380bd3f8c6fb2155bd8469807d85132a631c,16
cbbv2_514c0d360fd5b2a4b5fe,native_track_B0_uniform_random_random_native_confirmed_s057_b100,B0_uniform_random,random_native_confirmed,57,100,native_track_B0_uniform_random_random_native_confirmed_s057_b100_event_0000,1280.0,1280.0,1300.0,1300.0,128|129,128|129,2,0,oracle_confirmed,1.0,20.0,k3_bridge_safe,dbdfb47e221ddd8c9f45f0ad268d380bd3f8c6fb2155bd8469807d85132a631c,17
cbbv2_514c0d360fd5b2a4b5fe,native_track_B0_uniform_random_random_native_confirmed_s057_b100,B0_uniform_random,random_native_confirmed,57,100,native_track_B0_uniform_random_random_native_confirmed_s057_b100_event_0001,1610.0,1610.0,1620.0,1620.0,161,161,1,0,oracle_confirmed,1.0,10.0,k3_bridge_safe,dbdfb47e221ddd8c9f45f0ad268d380bd3f8c6fb2155bd8469807d85132a631c,17
cbbv2_514c0d360fd5b2a4b5fe,native_track_B0_uniform_random_random_native_confirmed_s057_b100,B0_uniform_random,random_native_confirmed,57,100,native_track_B0_uniform_random_random_native_confirmed_s057_b100_event_0002,2830.0,2830.0,2840.0,2840.0,283,283,1,0,oracle_confirmed,1.0,10.0,k3_bridge_safe,dbdfb47e221ddd8c9f45f0ad268d380bd3f8c6fb2155bd8469807d85132a631c,17
cbbv2_514c0d360fd5b2a4b5fe,native_track_B0_uniform_random_random_native_confirmed_s057_b100,B0_uniform_random,random_native_confirmed,57,100,native_track_B0_uniform_random_random_native_confirmed_s057_b100_event_0003,2970.0,2970.0,2980.0,2980.0,297,297,1,0,oracle_confirmed,1.0,10.0,k3_bridge_safe,dbdfb47e221ddd8c9f45f0ad268d380bd3f8c6fb2155bd8469807d85132a631c,17
cbbv2_514c0d360fd5b2a4b5fe,native_track_B0_uniform_random_random_native_confirmed_s057_b100,B0_uniform_random,random_native_confirmed,57,100,native_track_B0_uniform_random_random_native_confirmed_s057_b100_event_0000,1280.0,1280.0,1300.0,1300.0,128|129,128|129,2,0,oracle_confirmed,1.0,20.0,k3_bridge_safe,dbdfb47e221ddd8c9f45f0ad268d380bd3f8c6fb2155bd8469807d85132a631c,18
cbbv2_514c0d360fd5b2a4b5fe,native_track_B0_uniform_random_random_native_confirmed_s057_b100,B0_uniform_random,random_native_confirmed,57,100,native_track_B0_uniform_random_random_native_confirmed_s057_b100_event_0001,1610.0,1610.0,1620.0,1620.0,161,161,1,0,oracle_confirmed,1.0,10.0,k3_bridge_safe,dbdfb47e221ddd8c9f45f0ad268d380bd3f8c6fb2155bd8469807d85132a631c,18
cbbv2_514c0d360fd5b2a4b5fe,native_track_B0_uniform_random_random_native_confirmed_s057_b100,B0_uniform_random,random_native_confirmed,57,100,native_track_B0_uniform_random_random_native_confirmed_s057_b100_event_0002,2830.0,2830.0,2840.0,2840.0,283,283,1,0,oracle_confirmed,1.0,10.0,k3_bridge_safe,dbdfb47e221ddd8c9f45f0ad268d380bd3f8c6fb2155bd8469807d85132a631c,18
cbbv2_514c0d360fd5b2a4b5fe,native_track_B0_uniform_random_random_native_confirmed_s057_b100,B0_uniform_random,random_native_confirmed,57,100,native_track_B0_uniform_random_random_native_confirmed_s057_b100_event_0003,2970.0,2970.0,2980.0,2980.0,297,297,1,0,oracle_confirmed,1.0,10.0,k3_bridge_safe,dbdfb47e221ddd8c9f45f0ad268d380bd3f8c6fb2155bd8469807d85132a631c,18
cbbv2_514c0d360fd5b2a4b5fe,native_track_B0_uniform_random_random_native_confirmed_s057_b100,B0_uniform_random,random_native_confirmed,57,100,native_track_B0_uniform_random_random_native_confirmed_s057_b100_event_0000,1280.0,1280.0,1300.0,1300.0,128|129,128|129,2,0,oracle_confirmed,1.0,20.0,k3_bridge_safe,dbdfb47e221ddd8c9f45f0ad268d380bd3f8c6fb2155bd8469807d85132a631c,19
cbbv2_514c0d360fd5b2a4b5fe,native_track_B0_uniform_random_random_native_confirmed_s057_b100,B0_uniform_random,random_native_confirmed,57,100,native_track_B0_uniform_random_random_native_confirmed_s057_b100_event_0001,1610.0,1610.0,1620.0,1620.0,161,161,1,0,oracle_confirmed,1.0,10.0,k3_bridge_safe,dbdfb47e221ddd8c9f45f0ad268d380bd3f8c6fb2155bd8469807d85132a631c,19
cbbv2_514c0d360fd5b2a4b5fe,native_track_B0_uniform_random_random_native_confirmed_s057_b100,B0_uniform_random,random_native_confirmed,57,100,native_track_B0_uniform_random_random_native_confirmed_s057_b100_event_0002,2830.0,2830.0,2840.0,2840.0,283,283,1,0,oracle_confirmed,1.0,10.0,k3_bridge_safe,dbdfb47e221ddd8c9f45f0ad268d380bd3f8c6fb2155bd8469807d85132a631c,19
cbbv2_514c0d360fd5b2a4b5fe,native_track_B0_uniform_random_random_native_confirmed_s057_b100,B0_uniform_random,random_native_confirmed,57,100,native_track_B0_uniform_random_random_native_confirmed_s057_b100_event_0003,2970.0,2970.0,2980.0,2980.0,297,297,1,0,oracle_confirmed,1.0,10.0,k3_bridge_safe,dbdfb47e221ddd8c9f45f0ad268d380bd3f8c6fb2155bd8469807d85132a631c,19
cbbv2_514c0d360fd5b2a4b5fe,native_track_B0_uniform_random_random_native_confirmed_s057_b100,B0_uniform_random,random_native_confirmed,57,100,native_track_B0_uniform_random_random_native_confirmed_s057_b100_event_0000,1280.0,1280.0,1300.0,1300.0,128|129,128|129,2,0,oracle_confirmed,1.0,20.0,k3_bridge_safe,dbdfb47e221ddd8c9f45f0ad268d380bd3f8c6fb2155bd8469807d85132a631c,20
cbbv2_514c0d360fd5b2a4b5fe,native_track_B0_uniform_random_random_native_confirmed_s057_b100,B0_uniform_random,random_native_confirmed,57,100,native_track_B0_uniform_random_random_native_confirmed_s057_b100_event_0001,1610.0,1610.0,1620.0,1620.0,161,161,1,0,oracle_confirmed,1.0,10.0,k3_bridge_safe,dbdfb47e221ddd8c9f45f0ad268d380bd3f8c6fb2155bd8469807d85132a631c,20
cbbv2_514c0d360fd5b2a4b5fe,native_track_B0_uniform_random_random_native_confirmed_s057_b100,B0_uniform_random,random_native_confirmed,57,100,native_track_B0_uniform_random_random_native_confirmed_s057_b100_event_0002,2830.0,2830.0,2840.0,2840.0,283,283,1,0,oracle_confirmed,1.0,10.0,k3_bridge_safe,dbdfb47e221ddd8c9f45f0ad268d380bd3f8c6fb2155bd8469807d85132a631c,20
cbbv2_514c0d360fd5b2a4b5fe,native_track_B0_uniform_random_random_native_confirmed_s057_b100,B0_uniform_random,random_native_confirmed,57,100,native_track_B0_uniform_random_random_native_confirmed_s057_b100_event_0003,2970.0,2970.0,2980.0,2980.0,297,297,1,0,oracle_confirmed,1.0,10.0,k3_bridge_safe,dbdfb47e221ddd8c9f45f0ad268d380bd3f8c6fb2155bd8469807d85132a631c,20
cbbv2_514c0d360fd5b2a4b5fe,native_track_B0_uniform_random_random_native_confirmed_s057_b100,B0_uniform_random,random_native_confirmed,57,100,native_track_B0_uniform_random_random_native_confirmed_s057_b100_event_0000,1280.0,1280.0,1300.0,1300.0,128|129,128|129,2,0,oracle_confirmed,1.0,20.0,k3_bridge_safe,dbdfb47e221ddd8c9f45f0ad268d380bd3f8c6fb2155bd8469807d85132a631c,21
cbbv2_514c0d360fd5b2a4b5fe,native_track_B0_uniform_random_random_native_confirmed_s057_b100,B0_uniform_random,random_native_confirmed,57,100,native_track_B0_uniform_random_random_native_confirmed_s057_b100_event_0001,1610.0,1610.0,1620.0,1620.0,161,161,1,0,oracle_confirmed,1.0,10.0,k3_bridge_safe,dbdfb47e221ddd8c9f45f0ad268d380bd3f8c6fb2155bd8469807d85132a631c,21
cbbv2_514c0d360fd5b2a4b5fe,native_track_B0_uniform_random_random_native_confirmed_s057_b100,B0_uniform_random,random_native_confirmed,57,100,native_track_B0_uniform_random_random_native_confirmed_s057_b100_event_0002,2830.0,2830.0,2840.0,2840.0,283,283,1,0,oracle_confirmed,1.0,10.0,k3_bridge_safe,dbdfb47e221ddd8c9f45f0ad268d380bd3f8c6fb2155bd8469807d85132a631c,21
cbbv2_514c0d360fd5b2a4b5fe,native_track_B0_uniform_random_random_native_confirmed_s057_b100,B0_uniform_random,random_native_confirmed,57,100,native_track_B0_uniform_random_random_native_confirmed_s057_b100_event_0003,2960.0,2960.0,2980.0,2980.0,296|297,296|297,2,0,oracle_confirmed,1.0,20.0,k3_bridge_safe,dbdfb47e221ddd8c9f45f0ad268d380bd3f8c6fb2155bd8469807d85132a631c,21
cbbv2_514c0d360fd5b2a4b5fe,native_track_B0_uniform_random_random_native_confirmed_s057_b100,B0_uniform_random,random_native_confirmed,57,100,native_track_B0_uniform_random_random_native_confirmed_s057_b100_event_0000,1280.0,1280.0,1300.0,1300.0,128|129,128|129,2,0,oracle_confirmed,1.0,20.0,k3_bridge_safe,dbdfb47e221ddd8c9f45f0ad268d380bd3f8c6fb2155bd8469807d85132a631c,22
cbbv2_514c0d360fd5b2a4b5fe,native_track_B0_uniform_random_random_native_confirmed_s057_b100,B0_uniform_random,random_native_confirmed,57,100,native_track_B0_uniform_random_random_native_confirmed_s057_b100_event_0001,1610.0,1610.0,1620.0,1620.0,161,161,1,0,oracle_confirmed,1.0,10.0,k3_bridge_safe,dbdfb47e221ddd8c9f45f0ad268d380bd3f8c6fb2155bd8469807d85132a631c,22
cbbv2_514c0d360fd5b2a4b5fe,native_track_B0_uniform_random_random_native_confirmed_s057_b100,B0_uniform_random,random_native_confirmed,57,100,native_track_B0_uniform_random_random_native_confirmed_s057_b100_event_0002,2830.0,2830.0,2840.0,2840.0,283,283,1,0,oracle_confirmed,1.0,10.0,k3_bridge_safe,dbdfb47e221ddd8c9f45f0ad268d380bd3f8c6fb2155bd8469807d85132a631c,22
cbbv2_514c0d360fd5b2a4b5fe,native_track_B0_uniform_random_random_native_confirmed_s057_b100,B0_uniform_random,random_native_confirmed,57,100,native_track_B0_uniform_random_random_native_confirmed_s057_b100_event_0003,2960.0,2960.0,2980.0,2980.0,296|297,296|297,2,0,oracle_confirmed,1.0,20.0,k3_bridge_safe,dbdfb47e221ddd8c9f45f0ad268d380bd3f8c6fb2155bd8469807d85132a631c,22
cbbv2_514c0d360fd5b2a4b5fe,native_track_B0_uniform_random_random_native_confirmed_s057_b100,B0_uniform_random,random_native_confirmed,57,100,native_track_B0_uniform_random_random_native_confirmed_s057_b100_event_0000,1280.0,1280.0,1300.0,1300.0,128|129,128|129,2,0,oracle_confirmed,1.0,20.0,k3_bridge_safe,dbdfb47e221ddd8c9f45f0ad268d380bd3f8c6fb2155bd8469807d85132a631c,23
cbbv2_514c0d360fd5b2a4b5fe,native_track_B0_uniform_random_random_native_confirmed_s057_b100,B0_uniform_random,random_native_confirmed,57,100,native_track_B0_uniform_random_random_native_confirmed_s057_b100_event_0001,1610.0,1610.0,1620.0,1620.0,161,161,1,0,oracle_confirmed,1.0,10.0,k3_bridge_safe,dbdfb47e221ddd8c9f45f0ad268d380bd3f8c6fb2155bd8469807d85132a631c,23
cbbv2_514c0d360fd5b2a4b5fe,native_track_B0_uniform_random_random_native_confirmed_s057_b100,B0_uniform_random,random_native_confirmed,57,100,native_track_B0_uniform_random_random_native_confirmed_s057_b100_event_0002,2830.0,2830.0,2840.0,2840.0,283,283,1,0,oracle_confirmed,1.0,10.0,k3_bridge_safe,dbdfb47e221ddd8c9f45f0ad268d380bd3f8c6fb2155bd8469807d85132a631c,23
cbbv2_514c0d360fd5b2a4b5fe,native_track_B0_uniform_random_random_native_confirmed_s057_b100,B0_uniform_random,random_native_confirmed,57,100,native_track_B0_uniform_random_random_native_confirmed_s057_b100_event_0003,2960.0,2960.0,2980.0,2980.0,296|297,296|297,2,0,oracle_confirmed,1.0,20.0,k3_bridge_safe,dbdfb47e221ddd8c9f45f0ad268d380bd3f8c6fb2155bd8469807d85132a631c,23
cbbv2_514c0d360fd5b2a4b5fe,native_track_B0_uniform_random_random_native_confirmed_s057_b100,B0_uniform_random,random_native_confirmed,57,100,native_track_B0_uniform_random_random_native_confirmed_s057_b100_event_0000,1280.0,1280.0,1300.0,1300.0,128|129,128|129,2,0,oracle_confirmed,1.0,20.0,k3_bridge_safe,dbdfb47e221ddd8c9f45f0ad268d380bd3f8c6fb2155bd8469807d85132a631c,24
cbbv2_514c0d360fd5b2a4b5fe,native_track_B0_uniform_random_random_native_confirmed_s057_b100,B0_uniform_random,random_native_confirmed,57,100,native_track_B0_uniform_random_random_native_confirmed_s057_b100_event_0001,1610.0,1610.0,1620.0,1620.0,161,161,1,0,oracle_confirmed,1.0,10.0,k3_bridge_safe,dbdfb47e221ddd8c9f45f0ad268d380bd3f8c6fb2155bd8469807d85132a631c,24
cbbv2_514c0d360fd5b2a4b5fe,native_track_B0_uniform_random_random_native_confirmed_s057_b100,B0_uniform_random,random_native_confirmed,57,100,native_track_B0_uniform_random_random_native_confirmed_s057_b100_event_0002,2830.0,2830.0,2840.0,2840.0,283,283,1,0,oracle_confirmed,1.0,10.0,k3_bridge_safe,dbdfb47e221ddd8c9f45f0ad268d380bd3f8c6fb2155bd8469807d85132a631c,24
cbbv2_514c0d360fd5b2a4b5fe,native_track_B0_uniform_random_random_native_confirmed_s057_b100,B0_uniform_random,random_native_confirmed,57,100,native_track_B0_uniform_random_random_native_confirmed_s057_b100_event_0003,2960.0,2960.0,2980.0,2980.0,296|297,296|297,2,0,oracle_confirmed,1.0,20.0,k3_bridge_safe,dbdfb47e221ddd8c9f45f0ad268d380bd3f8c6fb2155bd8469807d85132a631c,24
cbbv2_514c0d360fd5b2a4b5fe,native_track_B0_uniform_random_random_native_confirmed_s057_b100,B0_uniform_random,random_native_confirmed,57,100,native_track_B0_uniform_random_random_native_confirmed_s057_b100_event_0000,1280.0,1280.0,1300.0,1300.0,128|129,128|129,2,0,oracle_confirmed,1.0,20.0,k3_bridge_safe,dbdfb47e221ddd8c9f45f0ad268d380bd3f8c6fb2155bd8469807d85132a631c,25
cbbv2_514c0d360fd5b2a4b5fe,native_track_B0_uniform_random_random_native_confirmed_s057_b100,B0_uniform_random,random_native_confirmed,57,100,native_track_B0_uniform_random_random_native_confirmed_s057_b100_event_0001,1610.0,1610.0,1620.0,1620.0,161,161,1,0,oracle_confirmed,1.0,10.0,k3_bridge_safe,dbdfb47e221ddd8c9f45f0ad268d380bd3f8c6fb2155bd8469807d85132a631c,25
cbbv2_514c0d360fd5b2a4b5fe,native_track_B0_uniform_random_random_native_confirmed_s057_b100,B0_uniform_random,random_native_confirmed,57,100,native_track_B0_uniform_random_random_native_confirmed_s057_b100_event_0002,2830.0,2830.0,2840.0,2840.0,283,283,1,0,oracle_confirmed,1.0,10.0,k3_bridge_safe,dbdfb47e221ddd8c9f45f0ad268d380bd3f8c6fb2155bd8469807d85132a631c,25
cbbv2_514c0d360fd5b2a4b5fe,native_track_B0_uniform_random_random_native_confirmed_s057_b100,B0_uniform_random,random_native_confirmed,57,100,native_track_B0_uniform_random_random_native_confirmed_s057_b100_event_0003,2960.0,2960.0,2980.0,2980.0,296|297,296|297,2,0,oracle_confirmed,1.0,20.0,k3_bridge_safe,dbdfb47e221ddd8c9f45f0ad268d380bd3f8c6fb2155bd8469807d85132a631c,25
cbbv2_514c0d360fd5b2a4b5fe,native_track_B0_uniform_random_random_native_confirmed_s057_b100,B0_uniform_random,random_native_confirmed,57,100,native_track_B0_uniform_random_random_native_confirmed_s057_b100_event_0000,1280.0,1280.0,1300.0,1300.0,128|129,128|129,2,0,oracle_confirmed,1.0,20.0,k3_bridge_safe,dbdfb47e221ddd8c9f45f0ad268d380bd3f8c6fb2155bd8469807d85132a631c,26
cbbv2_514c0d360fd5b2a4b5fe,native_track_B0_uniform_random_random_native_confirmed_s057_b100,B0_uniform_random,random_native_confirmed,57,100,native_track_B0_uniform_random_random_native_confirmed_s057_b100_event_0001,1610.0,1610.0,1620.0,1620.0,161,161,1,0,oracle_confirmed,1.0,10.0,k3_bridge_safe,dbdfb47e221ddd8c9f45f0ad268d380bd3f8c6fb2155bd8469807d85132a631c,26
cbbv2_514c0d360fd5b2a4b5fe,native_track_B0_uniform_random_random_native_confirmed_s057_b100,B0_uniform_random,random_native_confirmed,57,100,native_track_B0_uniform_random_random_native_confirmed_s057_b100_event_0002,2830.0,2830.0,2840.0,2840.0,283,283,1,0,oracle_confirmed,1.0,10.0,k3_bridge_safe,dbdfb47e221ddd8c9f45f0ad268d380bd3f8c6fb2155bd8469807d85132a631c,26
cbbv2_514c0d360fd5b2a4b5fe,native_track_B0_uniform_random_random_native_confirmed_s057_b100,B0_uniform_random,random_native_confirmed,57,100,native_track_B0_uniform_random_random_native_confirmed_s057_b100_event_0003,2960.0,2960.0,2980.0,2980.0,296|297,296|297,2,0,oracle_confirmed,1.0,20.0,k3_bridge_safe,dbdfb47e221ddd8c9f45f0ad268d380bd3f8c6fb2155bd8469807d85132a631c,26
cbbv2_514c0d360fd5b2a4b5fe,native_track_B0_uniform_random_random_native_confirmed_s057_b100,B0_uniform_random,random_native_confirmed,57,100,native_track_B0_uniform_random_random_native_confirmed_s057_b100_event_0000,1280.0,1280.0,1300.0,1300.0,128|129,128|129,2,0,oracle_confirmed,1.0,20.0,k3_bridge_safe,dbdfb47e221ddd8c9f45f0ad268d380bd3f8c6fb2155bd8469807d85132a631c,27
cbbv2_514c0d360fd5b2a4b5fe,native_track_B0_uniform_random_random_native_confirmed_s057_b100,B0_uniform_random,random_native_confirmed,57,100,native_track_B0_uniform_random_random_native_confirmed_s057_b100_event_0001,1610.0,1610.0,1620.0,1620.0,161,161,1,0,oracle_confirmed,1.0,10.0,k3_bridge_safe,dbdfb47e221ddd8c9f45f0ad268d380bd3f8c6fb2155bd8469807d85132a631c,27
cbbv2_514c0d360fd5b2a4b5fe,native_track_B0_uniform_random_random_native_confirmed_s057_b100,B0_uniform_random,random_native_confirmed,57,100,native_track_B0_uniform_random_random_native_confirmed_s057_b100_event_0002,2830.0,2830.0,2840.0,2840.0,283,283,1,0,oracle_confirmed,1.0,10.0,k3_bridge_safe,dbdfb47e221ddd8c9f45f0ad268d380bd3f8c6fb2155bd8469807d85132a631c,27
cbbv2_514c0d360fd5b2a4b5fe,native_track_B0_uniform_random_random_native_confirmed_s057_b100,B0_uniform_random,random_native_confirmed,57,100,native_track_B0_uniform_random_random_native_confirmed_s057_b100_event_0003,2960.0,2960.0,2980.0,2980.0,296|297,296|297,2,0,oracle_confirmed,1.0,20.0,k3_bridge_safe,dbdfb47e221ddd8c9f45f0ad268d380bd3f8c6fb2155bd8469807d85132a631c,27
cbbv2_514c0d360fd5b2a4b5fe,native_track_B0_uniform_random_random_native_confirmed_s057_b100,B0_uniform_random,random_native_confirmed,57,100,native_track_B0_uniform_random_random_native_confirmed_s057_b100_event_0000,750.0,750.0,760.0,760.0,75,75,1,0,oracle_confirmed,1.0,10.0,k3_bridge_safe,dbdfb47e221ddd8c9f45f0ad268d380bd3f8c6fb2155bd8469807d85132a631c,28
cbbv2_514c0d360fd5b2a4b5fe,native_track_B0_uniform_random_random_native_confirmed_s057_b100,B0_uniform_random,random_native_confirmed,57,100,native_track_B0_uniform_random_random_native_confirmed_s057_b100_event_0001,1280.0,1280.0,1300.0,1300.0,128|129,128|129,2,0,oracle_confirmed,1.0,20.0,k3_bridge_safe,dbdfb47e221ddd8c9f45f0ad268d380bd3f8c6fb2155bd8469807d85132a631c,28
cbbv2_514c0d360fd5b2a4b5fe,native_track_B0_uniform_random_random_native_confirmed_s057_b100,B0_uniform_random,random_native_confirmed,57,100,native_track_B0_uniform_random_random_native_confirmed_s057_b100_event_0002,1610.0,1610.0,1620.0,1620.0,161,161,1,0,oracle_confirmed,1.0,10.0,k3_bridge_safe,dbdfb47e221ddd8c9f45f0ad268d380bd3f8c6fb2155bd8469807d85132a631c,28
cbbv2_514c0d360fd5b2a4b5fe,native_track_B0_uniform_random_random_native_confirmed_s057_b100,B0_uniform_random,random_native_confirmed,57,100,native_track_B0_uniform_random_random_native_confirmed_s057_b100_event_0003,2830.0,2830.0,2840.0,2840.0,283,283,1,0,oracle_confirmed,1.0,10.0,k3_bridge_safe,dbdfb47e221ddd8c9f45f0ad268d380bd3f8c6fb2155bd8469807d85132a631c,28
cbbv2_514c0d360fd5b2a4b5fe,native_track_B0_uniform_random_random_native_confirmed_s057_b100,B0_uniform_random,random_native_confirmed,57,100,native_track_B0_uniform_random_random_native_confirmed_s057_b100_event_0004,2960.0,2960.0,2980.0,2980.0,296|297,296|297,2,0,oracle_confirmed,1.0,20.0,k3_bridge_safe,dbdfb47e221ddd8c9f45f0ad268d380bd3f8c6fb2155bd8469807d85132a631c,28
cbbv2_514c0d360fd5b2a4b5fe,native_track_B0_uniform_random_random_native_confirmed_s057_b100,B0_uniform_random,random_native_confirmed,57,100,native_track_B0_uniform_random_random_native_confirmed_s057_b100_event_0000,750.0,750.0,760.0,760.0,75,75,1,0,oracle_confirmed,1.0,10.0,k3_bridge_safe,dbdfb47e221ddd8c9f45f0ad268d380bd3f8c6fb2155bd8469807d85132a631c,29
cbbv2_514c0d360fd5b2a4b5fe,native_track_B0_uniform_random_random_native_confirmed_s057_b100,B0_uniform_random,random_native_confirmed,57,100,native_track_B0_uniform_random_random_native_confirmed_s057_b100_event_0001,1280.0,1280.0,1300.0,1300.0,128|129,128|129,2,0,oracle_confirmed,1.0,20.0,k3_bridge_safe,dbdfb47e221ddd8c9f45f0ad268d380bd3f8c6fb2155bd8469807d85132a631c,29
cbbv2_514c0d360fd5b2a4b5fe,native_track_B0_uniform_random_random_native_confirmed_s057_b100,B0_uniform_random,random_native_confirmed,57,100,native_track_B0_uniform_random_random_native_confirmed_s057_b100_event_0002,1610.0,1610.0,1620.0,1620.0,161,161,1,0,oracle_confirmed,1.0,10.0,k3_bridge_safe,dbdfb47e221ddd8c9f45f0ad268d380bd3f8c6fb2155bd8469807d85132a631c,29
cbbv2_514c0d360fd5b2a4b5fe,native_track_B0_uniform_random_random_native_confirmed_s057_b100,B0_uniform_random,random_native_confirmed,57,100,native_track_B0_uniform_random_random_native_confirmed_s057_b100_event_0003,2830.0,2830.0,2840.0,2840.0,283,283,1,0,oracle_confirmed,1.0,10.0,k3_bridge_safe,dbdfb47e221ddd8c9f45f0ad268d380bd3f8c6fb2155bd8469807d85132a631c,29
cbbv2_514c0d360fd5b2a4b5fe,native_track_B0_uniform_random_random_native_confirmed_s057_b100,B0_uniform_random,random_native_confirmed,57,100,native_track_B0_uniform_random_random_native_confirmed_s057_b100_event_0004,2960.0,2960.0,2980.0,2980.0,296|297,296|297,2,0,oracle_confirmed,1.0,20.0,k3_bridge_safe,dbdfb47e221ddd8c9f45f0ad268d380bd3f8c6fb2155bd8469807d85132a631c,29
cbbv2_514c0d360fd5b2a4b5fe,native_track_B0_uniform_random_random_native_confirmed_s057_b100,B0_uniform_random,random_native_confirmed,57,100,native_track_B0_uniform_random_random_native_confirmed_s057_b100_event_0000,750.0,750.0,760.0,760.0,75,75,1,0,oracle_confirmed,1.0,10.0,k3_bridge_safe,dbdfb47e221ddd8c9f45f0ad268d380bd3f8c6fb2155bd8469807d85132a631c,30
cbbv2_514c0d360fd5b2a4b5fe,native_track_B0_uniform_random_random_native_confirmed_s057_b100,B0_uniform_random,random_native_confirmed,57,100,native_track_B0_uniform_random_random_native_confirmed_s057_b100_event_0001,1280.0,1280.0,1300.0,1300.0,128|129,128|129,2,0,oracle_confirmed,1.0,20.0,k3_bridge_safe,dbdfb47e221ddd8c9f45f0ad268d380bd3f8c6fb2155bd8469807d85132a631c,30
cbbv2_514c0d360fd5b2a4b5fe,native_track_B0_uniform_random_random_native_confirmed_s057_b100,B0_uniform_random,random_native_confirmed,57,100,native_track_B0_uniform_random_random_native_confirmed_s057_b100_event_0002,1610.0,1610.0,1620.0,1620.0,161,161,1,0,oracle_confirmed,1.0,10.0,k3_bridge_safe,dbdfb47e221ddd8c9f45f0ad268d380bd3f8c6fb2155bd8469807d85132a631c,30
cbbv2_514c0d360fd5b2a4b5fe,native_track_B0_uniform_random_random_native_confirmed_s057_b100,B0_uniform_random,random_native_confirmed,57,100,native_track_B0_uniform_random_random_native_confirmed_s057_b100_event_0003,2830.0,2830.0,2840.0,2840.0,283,283,1,0,oracle_confirmed,1.0,10.0,k3_bridge_safe,dbdfb47e221ddd8c9f45f0ad268d380bd3f8c6fb2155bd8469807d85132a631c,30
cbbv2_514c0d360fd5b2a4b5fe,native_track_B0_uniform_random_random_native_confirmed_s057_b100,B0_uniform_random,random_native_confirmed,57,100,native_track_B0_uniform_random_random_native_confirmed_s057_b100_event_0004,2960.0,2960.0,2980.0,2980.0,296|297,296|297,2,0,oracle_confirmed,1.0,20.0,k3_bridge_safe,dbdfb47e221ddd8c9f45f0ad268d380bd3f8c6fb2155bd8469807d85132a631c,30
cbbv2_514c0d360fd5b2a4b5fe,native_track_B0_uniform_random_random_native_confirmed_s057_b100,B0_uniform_random,random_native_confirmed,57,100,native_track_B0_uniform_random_random_native_confirmed_s057_b100_event_0000,750.0,750.0,760.0,760.0,75,75,1,0,oracle_confirmed,1.0,10.0,k3_bridge_safe,dbdfb47e221ddd8c9f45f0ad268d380bd3f8c6fb2155bd8469807d85132a631c,31
cbbv2_514c0d360fd5b2a4b5fe,native_track_B0_uniform_random_random_native_confirmed_s057_b100,B0_uniform_random,random_native_confirmed,57,100,native_track_B0_uniform_random_random_native_confirmed_s057_b100_event_0001,1280.0,1280.0,1300.0,1300.0,128|129,128|129,2,0,oracle_confirmed,1.0,20.0,k3_bridge_safe,dbdfb47e221ddd8c9f45f0ad268d380bd3f8c6fb2155bd8469807d85132a631c,31
cbbv2_514c0d360fd5b2a4b5fe,native_track_B0_uniform_random_random_native_confirmed_s057_b100,B0_uniform_random,random_native_confirmed,57,100,native_track_B0_uniform_random_random_native_confirmed_s057_b100_event_0002,1610.0,1610.0,1620.0,1620.0,161,161,1,0,oracle_confirmed,1.0,10.0,k3_bridge_safe,dbdfb47e221ddd8c9f45f0ad268d380bd3f8c6fb2155bd8469807d85132a631c,31
cbbv2_514c0d360fd5b2a4b5fe,native_track_B0_uniform_random_random_native_confirmed_s057_b100,B0_uniform_random,random_native_confirmed,57,100,native_track_B0_uniform_random_random_native_confirmed_s057_b100_event_0003,2830.0,2830.0,2840.0,2840.0,283,283,1,0,oracle_confirmed,1.0,10.0,k3_bridge_safe,dbdfb47e221ddd8c9f45f0ad268d380bd3f8c6fb2155bd8469807d85132a631c,31
cbbv2_514c0d360fd5b2a4b5fe,native_track_B0_uniform_random_random_native_confirmed_s057_b100,B0_uniform_random,random_native_confirmed,57,100,native_track_B0_uniform_random_random_native_confirmed_s057_b100_event_0004,2960.0,2960.0,2980.0,2980.0,296|297,296|297,2,0,oracle_confirmed,1.0,20.0,k3_bridge_safe,dbdfb47e221ddd8c9f45f0ad268d380bd3f8c6fb2155bd8469807d85132a631c,31
cbbv2_514c0d360fd5b2a4b5fe,native_track_B0_uniform_random_random_native_confirmed_s057_b100,B0_uniform_random,random_native_confirmed,57,100,native_track_B0_uniform_random_random_native_confirmed_s057_b100_event_0000,750.0,750.0,760.0,760.0,75,75,1,0,oracle_confirmed,1.0,10.0,k3_bridge_safe,dbdfb47e221ddd8c9f45f0ad268d380bd3f8c6fb2155bd8469807d85132a631c,32
cbbv2_514c0d360fd5b2a4b5fe,native_track_B0_uniform_random_random_native_confirmed_s057_b100,B0_uniform_random,random_native_confirmed,57,100,native_track_B0_uniform_random_random_native_confirmed_s057_b100_event_0001,1280.0,1280.0,1300.0,1300.0,128|129,128|129,2,0,oracle_confirmed,1.0,20.0,k3_bridge_safe,dbdfb47e221ddd8c9f45f0ad268d380bd3f8c6fb2155bd8469807d85132a631c,32
cbbv2_514c0d360fd5b2a4b5fe,native_track_B0_uniform_random_random_native_confirmed_s057_b100,B0_uniform_random,random_native_confirmed,57,100,native_track_B0_uniform_random_random_native_confirmed_s057_b100_event_0002,1610.0,1610.0,1620.0,1620.0,161,161,1,0,oracle_confirmed,1.0,10.0,k3_bridge_safe,dbdfb47e221ddd8c9f45f0ad268d380bd3f8c6fb2155bd8469807d85132a631c,32
cbbv2_514c0d360fd5b2a4b5fe,native_track_B0_uniform_random_random_native_confirmed_s057_b100,B0_uniform_random,random_native_confirmed,57,100,native_track_B0_uniform_random_random_native_confirmed_s057_b100_event_0003,2830.0,2830.0,2840.0,2840.0,283,283,1,0,oracle_confirmed,1.0,10.0,k3_bridge_safe,dbdfb47e221ddd8c9f45f0ad268d380bd3f8c6fb2155bd8469807d85132a631c,32
cbbv2_514c0d360fd5b2a4b5fe,native_track_B0_uniform_random_random_native_confirmed_s057_b100,B0_uniform_random,random_native_confirmed,57,100,native_track_B0_uniform_random_random_native_confirmed_s057_b100_event_0004,2960.0,2960.0,2980.0,2980.0,296|297,296|297,2,0,oracle_confirmed,1.0,20.0,k3_bridge_safe,dbdfb47e221ddd8c9f45f0ad268d380bd3f8c6fb2155bd8469807d85132a631c,32
cbbv2_514c0d360fd5b2a4b5fe,native_track_B0_uniform_random_random_native_confirmed_s057_b100,B0_uniform_random,random_native_confirmed,57,100,native_track_B0_uniform_random_random_native_confirmed_s057_b100_event_0000,750.0,750.0,760.0,760.0,75,75,1,0,oracle_confirmed,1.0,10.0,k3_bridge_safe,dbdfb47e221ddd8c9f45f0ad268d380bd3f8c6fb2155bd8469807d85132a631c,33
cbbv2_514c0d360fd5b2a4b5fe,native_track_B0_uniform_random_random_native_confirmed_s057_b100,B0_uniform_random,random_native_confirmed,57,100,native_track_B0_uniform_random_random_native_confirmed_s057_b100_event_0001,1280.0,1280.0,1300.0,1300.0,128|129,128|129,2,0,oracle_confirmed,1.0,20.0,k3_bridge_safe,dbdfb47e221ddd8c9f45f0ad268d380bd3f8c6fb2155bd8469807d85132a631c,33
cbbv2_514c0d360fd5b2a4b5fe,native_track_B0_uniform_random_random_native_confirmed_s057_b100,B0_uniform_random,random_native_confirmed,57,100,native_track_B0_uniform_random_random_native_confirmed_s057_b100_event_0002,1610.0,1610.0,1620.0,1620.0,161,161,1,0,oracle_confirmed,1.0,10.0,k3_bridge_safe,dbdfb47e221ddd8c9f45f0ad268d380bd3f8c6fb2155bd8469807d85132a631c,33
cbbv2_514c0d360fd5b2a4b5fe,native_track_B0_uniform_random_random_native_confirmed_s057_b100,B0_uniform_random,random_native_confirmed,57,100,native_track_B0_uniform_random_random_native_confirmed_s057_b100_event_0003,2830.0,2830.0,2840.0,2840.0,283,283,1,0,oracle_confirmed,1.0,10.0,k3_bridge_safe,dbdfb47e221ddd8c9f45f0ad268d380bd3f8c6fb2155bd8469807d85132a631c,33
cbbv2_514c0d360fd5b2a4b5fe,native_track_B0_uniform_random_random_native_confirmed_s057_b100,B0_uniform_random,random_native_confirmed,57,100,native_track_B0_uniform_random_random_native_confirmed_s057_b100_event_0004,2960.0,2960.0,2980.0,2980.0,296|297,296|297,2,0,oracle_confirmed,1.0,20.0,k3_bridge_safe,dbdfb47e221ddd8c9f45f0ad268d380bd3f8c6fb2155bd8469807d85132a631c,33
cbbv2_514c0d360fd5b2a4b5fe,native_track_B0_uniform_random_random_native_confirmed_s057_b100,B0_uniform_random,random_native_confirmed,57,100,native_track_B0_uniform_random_random_native_confirmed_s057_b100_event_0000,750.0,750.0,760.0,760.0,75,75,1,0,oracle_confirmed,1.0,10.0,k3_bridge_safe,dbdfb47e221ddd8c9f45f0ad268d380bd3f8c6fb2155bd8469807d85132a631c,34
cbbv2_514c0d360fd5b2a4b5fe,native_track_B0_uniform_random_random_native_confirmed_s057_b100,B0_uniform_random,random_native_confirmed,57,100,native_track_B0_uniform_random_random_native_confirmed_s057_b100_event_0001,1280.0,1280.0,1300.0,1300.0,128|129,128|129,2,0,oracle_confirmed,1.0,20.0,k3_bridge_safe,dbdfb47e221ddd8c9f45f0ad268d380bd3f8c6fb2155bd8469807d85132a631c,34
cbbv2_514c0d360fd5b2a4b5fe,native_track_B0_uniform_random_random_native_confirmed_s057_b100,B0_uniform_random,random_native_confirmed,57,100,native_track_B0_uniform_random_random_native_confirmed_s057_b100_event_0002,1610.0,1610.0,1620.0,1620.0,161,161,1,0,oracle_confirmed,1.0,10.0,k3_bridge_safe,dbdfb47e221ddd8c9f45f0ad268d380bd3f8c6fb2155bd8469807d85132a631c,34
cbbv2_514c0d360fd5b2a4b5fe,native_track_B0_uniform_random_random_native_confirmed_s057_b100,B0_uniform_random,random_native_confirmed,57,100,native_track_B0_uniform_random_random_native_confirmed_s057_b100_event_0003,2830.0,2830.0,2840.0,2840.0,283,283,1,0,oracle_confirmed,1.0,10.0,k3_bridge_safe,dbdfb47e221ddd8c9f45f0ad268d380bd3f8c6fb2155bd8469807d85132a631c,34
cbbv2_514c0d360fd5b2a4b5fe,native_track_B0_uniform_random_random_native_confirmed_s057_b100,B0_uniform_random,random_native_confirmed,57,100,native_track_B0_uniform_random_random_native_confirmed_s057_b100_event_0004,2960.0,2960.0,2980.0,2980.0,296|297,296|297,2,0,oracle_confirmed,1.0,20.0,k3_bridge_safe,dbdfb47e221ddd8c9f45f0ad268d380bd3f8c6fb2155bd8469807d85132a631c,34
cbbv2_514c0d360fd5b2a4b5fe,native_track_B0_uniform_random_random_native_confirmed_s057_b100,B0_uniform_random,random_native_confirmed,57,100,native_track_B0_uniform_random_random_native_confirmed_s057_b100_event_0000,750.0,750.0,760.0,760.0,75,75,1,0,oracle_confirmed,1.0,10.0,k3_bridge_safe,dbdfb47e221ddd8c9f45f0ad268d380bd3f8c6fb2155bd8469807d85132a631c,35
cbbv2_514c0d360fd5b2a4b5fe,native_track_B0_uniform_random_random_native_confirmed_s057_b100,B0_uniform_random,random_native_confirmed,57,100,native_track_B0_uniform_random_random_native_confirmed_s057_b100_event_0001,1280.0,1280.0,1300.0,1300.0,128|129,128|129,2,0,oracle_confirmed,1.0,20.0,k3_bridge_safe,dbdfb47e221ddd8c9f45f0ad268d380bd3f8c6fb2155bd8469807d85132a631c,35
cbbv2_514c0d360fd5b2a4b5fe,native_track_B0_uniform_random_random_native_confirmed_s057_b100,B0_uniform_random,random_native_confirmed,57,100,native_track_B0_uniform_random_random_native_confirmed_s057_b100_event_0002,1610.0,1610.0,1620.0,1620.0,161,161,1,0,oracle_confirmed,1.0,10.0,k3_bridge_safe,dbdfb47e221ddd8c9f45f0ad268d380bd3f8c6fb2155bd8469807d85132a631c,35
cbbv2_514c0d360fd5b2a4b5fe,native_track_B0_uniform_random_random_native_confirmed_s057_b100,B0_uniform_random,random_native_confirmed,57,100,native_track_B0_uniform_random_random_native_confirmed_s057_b100_event_0003,1750.0,1750.0,1760.0,1760.0,175,175,1,0,oracle_confirmed,1.0,10.0,k3_bridge_safe,dbdfb47e221ddd8c9f45f0ad268d380bd3f8c6fb2155bd8469807d85132a631c,35
cbbv2_514c0d360fd5b2a4b5fe,native_track_B0_uniform_random_random_native_confirmed_s057_b100,B0_uniform_random,random_native_confirmed,57,100,native_track_B0_uniform_random_random_native_confirmed_s057_b100_event_0004,2830.0,2830.0,2840.0,2840.0,283,283,1,0,oracle_confirmed,1.0,10.0,k3_bridge_safe,dbdfb47e221ddd8c9f45f0ad268d380bd3f8c6fb2155bd8469807d85132a631c,35
cbbv2_514c0d360fd5b2a4b5fe,native_track_B0_uniform_random_random_native_confirmed_s057_b100,B0_uniform_random,random_native_confirmed,57,100,native_track_B0_uniform_random_random_native_confirmed_s057_b100_event_0005,2960.0,2960.0,2980.0,2980.0,296|297,296|297,2,0,oracle_confirmed,1.0,20.0,k3_bridge_safe,dbdfb47e221ddd8c9f45f0ad268d380bd3f8c6fb2155bd8469807d85132a631c,35
cbbv2_514c0d360fd5b2a4b5fe,native_track_B0_uniform_random_random_native_confirmed_s057_b100,B0_uniform_random,random_native_confirmed,57,100,native_track_B0_uniform_random_random_native_confirmed_s057_b100_event_0000,750.0,750.0,760.0,760.0,75,75,1,0,oracle_confirmed,1.0,10.0,k3_bridge_safe,dbdfb47e221ddd8c9f45f0ad268d380bd3f8c6fb2155bd8469807d85132a631c,36
cbbv2_514c0d360fd5b2a4b5fe,native_track_B0_uniform_random_random_native_confirmed_s057_b100,B0_uniform_random,random_native_confirmed,57,100,native_track_B0_uniform_random_random_native_confirmed_s057_b100_event_0001,1280.0,1280.0,1300.0,1300.0,128|129,128|129,2,0,oracle_confirmed,1.0,20.0,k3_bridge_safe,dbdfb47e221ddd8c9f45f0ad268d380bd3f8c6fb2155bd8469807d85132a631c,36
cbbv2_514c0d360fd5b2a4b5fe,native_track_B0_uniform_random_random_native_confirmed_s057_b100,B0_uniform_random,random_native_confirmed,57,100,native_track_B0_uniform_random_random_native_confirmed_s057_b100_event_0002,1610.0,1610.0,1620.0,1620.0,161,161,1,0,oracle_confirmed,1.0,10.0,k3_bridge_safe,dbdfb47e221ddd8c9f45f0ad268d380bd3f8c6fb2155bd8469807d85132a631c,36
cbbv2_514c0d360fd5b2a4b5fe,native_track_B0_uniform_random_random_native_confirmed_s057_b100,B0_uniform_random,random_native_confirmed,57,100,native_track_B0_uniform_random_random_native_confirmed_s057_b100_event_0003,1750.0,1750.0,1760.0,1760.0,175,175,1,0,oracle_confirmed,1.0,10.0,k3_bridge_safe,dbdfb47e221ddd8c9f45f0ad268d380bd3f8c6fb2155bd8469807d85132a631c,36
cbbv2_514c0d360fd5b2a4b5fe,native_track_B0_uniform_random_random_native_confirmed_s057_b100,B0_uniform_random,random_native_confirmed,57,100,native_track_B0_uniform_random_random_native_confirmed_s057_b100_event_0004,2830.0,2830.0,2840.0,2840.0,283,283,1,0,oracle_confirmed,1.0,10.0,k3_bridge_safe,dbdfb47e221ddd8c9f45f0ad268d380bd3f8c6fb2155bd8469807d85132a631c,36
cbbv2_514c0d360fd5b2a4b5fe,native_track_B0_uniform_random_random_native_confirmed_s057_b100,B0_uniform_random,random_native_confirmed,57,100,native_track_B0_uniform_random_random_native_confirmed_s057_b100_event_0005,2960.0,2960.0,2980.0,2980.0,296|297,296|297,2,0,oracle_confirmed,1.0,20.0,k3_bridge_safe,dbdfb47e221ddd8c9f45f0ad268d380bd3f8c6fb2155bd8469807d85132a631c,36
cbbv2_514c0d360fd5b2a4b5fe,native_track_B0_uniform_random_random_native_confirmed_s057_b100,B0_uniform_random,random_native_confirmed,57,100,native_track_B0_uniform_random_random_native_confirmed_s057_b100_event_0000,750.0,750.0,760.0,760.0,75,75,1,0,oracle_confirmed,1.0,10.0,k3_bridge_safe,dbdfb47e221ddd8c9f45f0ad268d380bd3f8c6fb2155bd8469807d85132a631c,37
cbbv2_514c0d360fd5b2a4b5fe,native_track_B0_uniform_random_random_native_confirmed_s057_b100,B0_uniform_random,random_native_confirmed,57,100,native_track_B0_uniform_random_random_native_confirmed_s057_b100_event_0001,1280.0,1280.0,1300.0,1300.0,128|129,128|129,2,0,oracle_confirmed,1.0,20.0,k3_bridge_safe,dbdfb47e221ddd8c9f45f0ad268d380bd3f8c6fb2155bd8469807d85132a631c,37
cbbv2_514c0d360fd5b2a4b5fe,native_track_B0_uniform_random_random_native_confirmed_s057_b100,B0_uniform_random,random_native_confirmed,57,100,native_track_B0_uniform_random_random_native_confirmed_s057_b100_event_0002,1610.0,1610.0,1620.0,1620.0,161,161,1,0,oracle_confirmed,1.0,10.0,k3_bridge_safe,dbdfb47e221ddd8c9f45f0ad268d380bd3f8c6fb2155bd8469807d85132a631c,37
cbbv2_514c0d360fd5b2a4b5fe,native_track_B0_uniform_random_random_native_confirmed_s057_b100,B0_uniform_random,random_native_confirmed,57,100,native_track_B0_uniform_random_random_native_confirmed_s057_b100_event_0003,1750.0,1750.0,1760.0,1760.0,175,175,1,0,oracle_confirmed,1.0,10.0,k3_bridge_safe,dbdfb47e221ddd8c9f45f0ad268d380bd3f8c6fb2155bd8469807d85132a631c,37
cbbv2_514c0d360fd5b2a4b5fe,native_track_B0_uniform_random_random_native_confirmed_s057_b100,B0_uniform_random,random_native_confirmed,57,100,native_track_B0_uniform_random_random_native_confirmed_s057_b100_event_0004,2830.0,2830.0,2840.0,2840.0,283,283,1,0,oracle_confirmed,1.0,10.0,k3_bridge_safe,dbdfb47e221ddd8c9f45f0ad268d380bd3f8c6fb2155bd8469807d85132a631c,37
cbbv2_514c0d360fd5b2a4b5fe,native_track_B0_uniform_random_random_native_confirmed_s057_b100,B0_uniform_random,random_native_confirmed,57,100,native_track_B0_uniform_random_random_native_confirmed_s057_b100_event_0005,2960.0,2960.0,2980.0,2980.0,296|297,296|297,2,0,oracle_confirmed,1.0,20.0,k3_bridge_safe,dbdfb47e221ddd8c9f45f0ad268d380bd3f8c6fb2155bd8469807d85132a631c,37
cbbv2_514c0d360fd5b2a4b5fe,native_track_B0_uniform_random_random_native_confirmed_s057_b100,B0_uniform_random,random_native_confirmed,57,100,native_track_B0_uniform_random_random_native_confirmed_s057_b100_event_0000,750.0,750.0,760.0,760.0,75,75,1,0,oracle_confirmed,1.0,10.0,k3_bridge_safe,dbdfb47e221ddd8c9f45f0ad268d380bd3f8c6fb2155bd8469807d85132a631c,38
cbbv2_514c0d360fd5b2a4b5fe,native_track_B0_uniform_random_random_native_confirmed_s057_b100,B0_uniform_random,random_native_confirmed,57,100,native_track_B0_uniform_random_random_native_confirmed_s057_b100_event_0001,1280.0,1280.0,1300.0,1300.0,128|129,128|129,2,0,oracle_confirmed,1.0,20.0,k3_bridge_safe,dbdfb47e221ddd8c9f45f0ad268d380bd3f8c6fb2155bd8469807d85132a631c,38
cbbv2_514c0d360fd5b2a4b5fe,native_track_B0_uniform_random_random_native_confirmed_s057_b100,B0_uniform_random,random_native_confirmed,57,100,native_track_B0_uniform_random_random_native_confirmed_s057_b100_event_0002,1610.0,1610.0,1620.0,1620.0,161,161,1,0,oracle_confirmed,1.0,10.0,k3_bridge_safe,dbdfb47e221ddd8c9f45f0ad268d380bd3f8c6fb2155bd8469807d85132a631c,38
cbbv2_514c0d360fd5b2a4b5fe,native_track_B0_uniform_random_random_native_confirmed_s057_b100,B0_uniform_random,random_native_confirmed,57,100,native_track_B0_uniform_random_random_native_confirmed_s057_b100_event_0003,1750.0,1750.0,1760.0,1760.0,175,175,1,0,oracle_confirmed,1.0,10.0,k3_bridge_safe,dbdfb47e221ddd8c9f45f0ad268d380bd3f8c6fb2155bd8469807d85132a631c,38
cbbv2_514c0d360fd5b2a4b5fe,native_track_B0_uniform_random_random_native_confirmed_s057_b100,B0_uniform_random,random_native_confirmed,57,100,native_track_B0_uniform_random_random_native_confirmed_s057_b100_event_0004,2830.0,2830.0,2840.0,2840.0,283,283,1,0,oracle_confirmed,1.0,10.0,k3_bridge_safe,dbdfb47e221ddd8c9f45f0ad268d380bd3f8c6fb2155bd8469807d85132a631c,38
cbbv2_514c0d360fd5b2a4b5fe,native_track_B0_uniform_random_random_native_confirmed_s057_b100,B0_uniform_random,random_native_confirmed,57,100,native_track_B0_uniform_random_random_native_confirmed_s057_b100_event_0005,2960.0,2960.0,2980.0,2980.0,296|297,296|297,2,0,oracle_confirmed,1.0,20.0,k3_bridge_safe,dbdfb47e221ddd8c9f45f0ad268d380bd3f8c6fb2155bd8469807d85132a631c,38
cbbv2_514c0d360fd5b2a4b5fe,native_track_B0_uniform_random_random_native_confirmed_s057_b100,B0_uniform_random,random_native_confirmed,57,100,native_track_B0_uniform_random_random_native_confirmed_s057_b100_event_0000,750.0,750.0,760.0,760.0,75,75,1,0,oracle_confirmed,1.0,10.0,k3_bridge_safe,dbdfb47e221ddd8c9f45f0ad268d380bd3f8c6fb2155bd8469807d85132a631c,39
cbbv2_514c0d360fd5b2a4b5fe,native_track_B0_uniform_random_random_native_confirmed_s057_b100,B0_uniform_random,random_native_confirmed,57,100,native_track_B0_uniform_random_random_native_confirmed_s057_b100_event_0001,1280.0,1280.0,1300.0,1300.0,128|129,128|129,2,0,oracle_confirmed,1.0,20.0,k3_bridge_safe,dbdfb47e221ddd8c9f45f0ad268d380bd3f8c6fb2155bd8469807d85132a631c,39
cbbv2_514c0d360fd5b2a4b5fe,native_track_B0_uniform_random_random_native_confirmed_s057_b100,B0_uniform_random,random_native_confirmed,57,100,native_track_B0_uniform_random_random_native_confirmed_s057_b100_event_0002,1610.0,1610.0,1620.0,1620.0,161,161,1,0,oracle_confirmed,1.0,10.0,k3_bridge_safe,dbdfb47e221ddd8c9f45f0ad268d380bd3f8c6fb2155bd8469807d85132a631c,39
cbbv2_514c0d360fd5b2a4b5fe,native_track_B0_uniform_random_random_native_confirmed_s057_b100,B0_uniform_random,random_native_confirmed,57,100,native_track_B0_uniform_random_random_native_confirmed_s057_b100_event_0003,1750.0,1750.0,1760.0,1760.0,175,175,1,0,oracle_confirmed,1.0,10.0,k3_bridge_safe,dbdfb47e221ddd8c9f45f0ad268d380bd3f8c6fb2155bd8469807d85132a631c,39
cbbv2_514c0d360fd5b2a4b5fe,native_track_B0_uniform_random_random_native_confirmed_s057_b100,B0_uniform_random,random_native_confirmed,57,100,native_track_B0_uniform_random_random_native_confirmed_s057_b100_event_0004,2830.0,2830.0,2840.0,2840.0,283,283,1,0,oracle_confirmed,1.0,10.0,k3_bridge_safe,dbdfb47e221ddd8c9f45f0ad268d380bd3f8c6fb2155bd8469807d85132a631c,39
cbbv2_514c0d360fd5b2a4b5fe,native_track_B0_uniform_random_random_native_confirmed_s057_b100,B0_uniform_random,random_native_confirmed,57,100,native_track_B0_uniform_random_random_native_confirmed_s057_b100_event_0005,2960.0,2960.0,2980.0,2980.0,296|297,296|297,2,0,oracle_confirmed,1.0,20.0,k3_bridge_safe,dbdfb47e221ddd8c9f45f0ad268d380bd3f8c6fb2155bd8469807d85132a631c,39
cbbv2_514c0d360fd5b2a4b5fe,native_track_B0_uniform_random_random_native_confirmed_s057_b100,B0_uniform_random,random_native_confirmed,57,100,native_track_B0_uniform_random_random_native_confirmed_s057_b100_event_0000,750.0,750.0,760.0,760.0,75,75,1,0,oracle_confirmed,1.0,10.0,k3_bridge_safe,dbdfb47e221ddd8c9f45f0ad268d380bd3f8c6fb2155bd8469807d85132a631c,40
cbbv2_514c0d360fd5b2a4b5fe,native_track_B0_uniform_random_random_native_confirmed_s057_b100,B0_uniform_random,random_native_confirmed,57,100,native_track_B0_uniform_random_random_native_confirmed_s057_b100_event_0001,1280.0,1280.0,1300.0,1300.0,128|129,128|129,2,0,oracle_confirmed,1.0,20.0,k3_bridge_safe,dbdfb47e221ddd8c9f45f0ad268d380bd3f8c6fb2155bd8469807d85132a631c,40
cbbv2_514c0d360fd5b2a4b5fe,native_track_B0_uniform_random_random_native_confirmed_s057_b100,B0_uniform_random,random_native_confirmed,57,100,native_track_B0_uniform_random_random_native_confirmed_s057_b100_event_0002,1610.0,1610.0,1620.0,1620.0,161,161,1,0,oracle_confirmed,1.0,10.0,k3_bridge_safe,dbdfb47e221ddd8c9f45f0ad268d380bd3f8c6fb2155bd8469807d85132a631c,40
cbbv2_514c0d360fd5b2a4b5fe,native_track_B0_uniform_random_random_native_confirmed_s057_b100,B0_uniform_random,random_native_confirmed,57,100,native_track_B0_uniform_random_random_native_confirmed_s057_b100_event_0003,1750.0,1750.0,1760.0,1760.0,175,175,1,0,oracle_confirmed,1.0,10.0,k3_bridge_safe,dbdfb47e221ddd8c9f45f0ad268d380bd3f8c6fb2155bd8469807d85132a631c,40
cbbv2_514c0d360fd5b2a4b5fe,native_track_B0_uniform_random_random_native_confirmed_s057_b100,B0_uniform_random,random_native_confirmed,57,100,native_track_B0_uniform_random_random_native_confirmed_s057_b100_event_0004,2830.0,2830.0,2840.0,2840.0,283,283,1,0,oracle_confirmed,1.0,10.0,k3_bridge_safe,dbdfb47e221ddd8c9f45f0ad268d380bd3f8c6fb2155bd8469807d85132a631c,40
cbbv2_514c0d360fd5b2a4b5fe,native_track_B0_uniform_random_random_native_confirmed_s057_b100,B0_uniform_random,random_native_confirmed,57,100,native_track_B0_uniform_random_random_native_confirmed_s057_b100_event_0005,2960.0,2960.0,2980.0,2980.0,296|297,296|297,2,0,oracle_confirmed,1.0,20.0,k3_bridge_safe,dbdfb47e221ddd8c9f45f0ad268d380bd3f8c6fb2155bd8469807d85132a631c,40
cbbv2_514c0d360fd5b2a4b5fe,native_track_B0_uniform_random_random_native_confirmed_s057_b100,B0_uniform_random,random_native_confirmed,57,100,native_track_B0_uniform_random_random_native_confirmed_s057_b100_event_0000,750.0,750.0,760.0,760.0,75,75,1,0,oracle_confirmed,1.0,10.0,k3_bridge_safe,dbdfb47e221ddd8c9f45f0ad268d380bd3f8c6fb2155bd8469807d85132a631c,41
cbbv2_514c0d360fd5b2a4b5fe,native_track_B0_uniform_random_random_native_confirmed_s057_b100,B0_uniform_random,random_native_confirmed,57,100,native_track_B0_uniform_random_random_native_confirmed_s057_b100_event_0001,1280.0,1280.0,1300.0,1300.0,128|129,128|129,2,0,oracle_confirmed,1.0,20.0,k3_bridge_safe,dbdfb47e221ddd8c9f45f0ad268d380bd3f8c6fb2155bd8469807d85132a631c,41
cbbv2_514c0d360fd5b2a4b5fe,native_track_B0_uniform_random_random_native_confirmed_s057_b100,B0_uniform_random,random_native_confirmed,57,100,native_track_B0_uniform_random_random_native_confirmed_s057_b100_event_0002,1610.0,1610.0,1620.0,1620.0,161,161,1,0,oracle_confirmed,1.0,10.0,k3_bridge_safe,dbdfb47e221ddd8c9f45f0ad268d380bd3f8c6fb2155bd8469807d85132a631c,41
cbbv2_514c0d360fd5b2a4b5fe,native_track_B0_uniform_random_random_native_confirmed_s057_b100,B0_uniform_random,random_native_confirmed,57,100,native_track_B0_uniform_random_random_native_confirmed_s057_b100_event_0003,1750.0,1750.0,1760.0,1760.0,175,175,1,0,oracle_confirmed,1.0,10.0,k3_bridge_safe,dbdfb47e221ddd8c9f45f0ad268d380bd3f8c6fb2155bd8469807d85132a631c,41
cbbv2_514c0d360fd5b2a4b5fe,native_track_B0_uniform_random_random_native_confirmed_s057_b100,B0_uniform_random,random_native_confirmed,57,100,native_track_B0_uniform_random_random_native_confirmed_s057_b100_event_0004,2830.0,2830.0,2840.0,2840.0,283,283,1,0,oracle_confirmed,1.0,10.0,k3_bridge_safe,dbdfb47e221ddd8c9f45f0ad268d380bd3f8c6fb2155bd8469807d85132a631c,41
cbbv2_514c0d360fd5b2a4b5fe,native_track_B0_uniform_random_random_native_confirmed_s057_b100,B0_uniform_random,random_native_confirmed,57,100,native_track_B0_uniform_random_random_native_confirmed_s057_b100_event_0005,2960.0,2960.0,2980.0,2980.0,296|297,296|297,2,0,oracle_confirmed,1.0,20.0,k3_bridge_safe,dbdfb47e221ddd8c9f45f0ad268d380bd3f8c6fb2155bd8469807d85132a631c,41
cbbv2_514c0d360fd5b2a4b5fe,native_track_B0_uniform_random_random_native_confirmed_s057_b100,B0_uniform_random,random_native_confirmed,57,100,native_track_B0_uniform_random_random_native_confirmed_s057_b100_event_0000,750.0,750.0,760.0,760.0,75,75,1,0,oracle_confirmed,1.0,10.0,k3_bridge_safe,dbdfb47e221ddd8c9f45f0ad268d380bd3f8c6fb2155bd8469807d85132a631c,42
cbbv2_514c0d360fd5b2a4b5fe,native_track_B0_uniform_random_random_native_confirmed_s057_b100,B0_uniform_random,random_native_confirmed,57,100,native_track_B0_uniform_random_random_native_confirmed_s057_b100_event_0001,1280.0,1280.0,1300.0,1300.0,128|129,128|129,2,0,oracle_confirmed,1.0,20.0,k3_bridge_safe,dbdfb47e221ddd8c9f45f0ad268d380bd3f8c6fb2155bd8469807d85132a631c,42
cbbv2_514c0d360fd5b2a4b5fe,native_track_B0_uniform_random_random_native_confirmed_s057_b100,B0_uniform_random,random_native_confirmed,57,100,native_track_B0_uniform_random_random_native_confirmed_s057_b100_event_0002,1610.0,1610.0,1620.0,1620.0,161,161,1,0,oracle_confirmed,1.0,10.0,k3_bridge_safe,dbdfb47e221ddd8c9f45f0ad268d380bd3f8c6fb2155bd8469807d85132a631c,42
cbbv2_514c0d360fd5b2a4b5fe,native_track_B0_uniform_random_random_native_confirmed_s057_b100,B0_uniform_random,random_native_confirmed,57,100,native_track_B0_uniform_random_random_native_confirmed_s057_b100_event_0003,1750.0,1750.0,1760.0,1760.0,175,175,1,0,oracle_confirmed,1.0,10.0,k3_bridge_safe,dbdfb47e221ddd8c9f45f0ad268d380bd3f8c6fb2155bd8469807d85132a631c,42
cbbv2_514c0d360fd5b2a4b5fe,native_track_B0_uniform_random_random_native_confirmed_s057_b100,B0_uniform_random,random_native_confirmed,57,100,native_track_B0_uniform_random_random_native_confirmed_s057_b100_event_0004,2830.0,2830.0,2840.0,2840.0,283,283,1,0,oracle_confirmed,1.0,10.0,k3_bridge_safe,dbdfb47e221ddd8c9f45f0ad268d380bd3f8c6fb2155bd8469807d85132a631c,42
cbbv2_514c0d360fd5b2a4b5fe,native_track_B0_uniform_random_random_native_confirmed_s057_b100,B0_uniform_random,random_native_confirmed,57,100,native_track_B0_uniform_random_random_native_confirmed_s057_b100_event_0005,2960.0,2960.0,2980.0,2980.0,296|297,296|297,2,0,oracle_confirmed,1.0,20.0,k3_bridge_safe,dbdfb47e221ddd8c9f45f0ad268d380bd3f8c6fb2155bd8469807d85132a631c,42
cbbv2_514c0d360fd5b2a4b5fe,native_track_B0_uniform_random_random_native_confirmed_s057_b100,B0_uniform_random,random_native_confirmed,57,100,native_track_B0_uniform_random_random_native_confirmed_s057_b100_event_0000,750.0,750.0,760.0,760.0,75,75,1,0,oracle_confirmed,1.0,10.0,k3_bridge_safe,dbdfb47e221ddd8c9f45f0ad268d380bd3f8c6fb2155bd8469807d85132a631c,43
cbbv2_514c0d360fd5b2a4b5fe,native_track_B0_uniform_random_random_native_confirmed_s057_b100,B0_uniform_random,random_native_confirmed,57,100,native_track_B0_uniform_random_random_native_confirmed_s057_b100_event_0001,1280.0,1280.0,1300.0,1300.0,128|129,128|129,2,0,oracle_confirmed,1.0,20.0,k3_bridge_safe,dbdfb47e221ddd8c9f45f0ad268d380bd3f8c6fb2155bd8469807d85132a631c,43
cbbv2_514c0d360fd5b2a4b5fe,native_track_B0_uniform_random_random_native_confirmed_s057_b100,B0_uniform_random,random_native_confirmed,57,100,native_track_B0_uniform_random_random_native_confirmed_s057_b100_event_0002,1610.0,1610.0,1620.0,1620.0,161,161,1,0,oracle_confirmed,1.0,10.0,k3_bridge_safe,dbdfb47e221ddd8c9f45f0ad268d380bd3f8c6fb2155bd8469807d85132a631c,43
cbbv2_514c0d360fd5b2a4b5fe,native_track_B0_uniform_random_random_native_confirmed_s057_b100,B0_uniform_random,random_native_confirmed,57,100,native_track_B0_uniform_random_random_native_confirmed_s057_b100_event_0003,1750.0,1750.0,1760.0,1760.0,175,175,1,0,oracle_confirmed,1.0,10.0,k3_bridge_safe,dbdfb47e221ddd8c9f45f0ad268d380bd3f8c6fb2155bd8469807d85132a631c,43
cbbv2_514c0d360fd5b2a4b5fe,native_track_B0_uniform_random_random_native_confirmed_s057_b100,B0_uniform_random,random_native_confirmed,57,100,native_track_B0_uniform_random_random_native_confirmed_s057_b100_event_0004,2830.0,2830.0,2840.0,2840.0,283,283,1,0,oracle_confirmed,1.0,10.0,k3_bridge_safe,dbdfb47e221ddd8c9f45f0ad268d380bd3f8c6fb2155bd8469807d85132a631c,43
cbbv2_514c0d360fd5b2a4b5fe,native_track_B0_uniform_random_random_native_confirmed_s057_b100,B0_uniform_random,random_native_confirmed,57,100,native_track_B0_uniform_random_random_native_confirmed_s057_b100_event_0005,2960.0,2960.0,2980.0,2980.0,296|297,296|297,2,0,oracle_confirmed,1.0,20.0,k3_bridge_safe,dbdfb47e221ddd8c9f45f0ad268d380bd3f8c6fb2155bd8469807d85132a631c,43
cbbv2_514c0d360fd5b2a4b5fe,native_track_B0_uniform_random_random_native_confirmed_s057_b100,B0_uniform_random,random_native_confirmed,57,100,native_track_B0_uniform_random_random_native_confirmed_s057_b100_event_0000,750.0,750.0,760.0,760.0,75,75,1,0,oracle_confirmed,1.0,10.0,k3_bridge_safe,dbdfb47e221ddd8c9f45f0ad268d380bd3f8c6fb2155bd8469807d85132a631c,44
cbbv2_514c0d360fd5b2a4b5fe,native_track_B0_uniform_random_random_native_confirmed_s057_b100,B0_uniform_random,random_native_confirmed,57,100,native_track_B0_uniform_random_random_native_confirmed_s057_b100_event_0001,1280.0,1280.0,1300.0,1300.0,128|129,128|129,2,0,oracle_confirmed,1.0,20.0,k3_bridge_safe,dbdfb47e221ddd8c9f45f0ad268d380bd3f8c6fb2155bd8469807d85132a631c,44
cbbv2_514c0d360fd5b2a4b5fe,native_track_B0_uniform_random_random_native_confirmed_s057_b100,B0_uniform_random,random_native_confirmed,57,100,native_track_B0_uniform_random_random_native_confirmed_s057_b100_event_0002,1610.0,1610.0,1620.0,1620.0,161,161,1,0,oracle_confirmed,1.0,10.0,k3_bridge_safe,dbdfb47e221ddd8c9f45f0ad268d380bd3f8c6fb2155bd8469807d85132a631c,44
cbbv2_514c0d360fd5b2a4b5fe,native_track_B0_uniform_random_random_native_confirmed_s057_b100,B0_uniform_random,random_native_confirmed,57,100,native_track_B0_uniform_random_random_native_confirmed_s057_b100_event_0003,1750.0,1750.0,1760.0,1760.0,175,175,1,0,oracle_confirmed,1.0,10.0,k3_bridge_safe,dbdfb47e221ddd8c9f45f0ad268d380bd3f8c6fb2155bd8469807d85132a631c,44
cbbv2_514c0d360fd5b2a4b5fe,native_track_B0_uniform_random_random_native_confirmed_s057_b100,B0_uniform_random,random_native_confirmed,57,100,native_track_B0_uniform_random_random_native_confirmed_s057_b100_event_0004,2830.0,2830.0,2840.0,2840.0,283,283,1,0,oracle_confirmed,1.0,10.0,k3_bridge_safe,dbdfb47e221ddd8c9f45f0ad268d380bd3f8c6fb2155bd8469807d85132a631c,44
cbbv2_514c0d360fd5b2a4b5fe,native_track_B0_uniform_random_random_native_confirmed_s057_b100,B0_uniform_random,random_native_confirmed,57,100,native_track_B0_uniform_random_random_native_confirmed_s057_b100_event_0005,2960.0,2960.0,2980.0,2980.0,296|297,296|297,2,0,oracle_confirmed,1.0,20.0,k3_bridge_safe,dbdfb47e221ddd8c9f45f0ad268d380bd3f8c6fb2155bd8469807d85132a631c,44
cbbv2_514c0d360fd5b2a4b5fe,native_track_B0_uniform_random_random_native_confirmed_s057_b100,B0_uniform_random,random_native_confirmed,57,100,native_track_B0_uniform_random_random_native_confirmed_s057_b100_event_0000,750.0,750.0,760.0,760.0,75,75,1,0,oracle_confirmed,1.0,10.0,k3_bridge_safe,dbdfb47e221ddd8c9f45f0ad268d380bd3f8c6fb2155bd8469807d85132a631c,45
cbbv2_514c0d360fd5b2a4b5fe,native_track_B0_uniform_random_random_native_confirmed_s057_b100,B0_uniform_random,random_native_confirmed,57,100,native_track_B0_uniform_random_random_native_confirmed_s057_b100_event_0001,1280.0,1280.0,1300.0,1300.0,128|129,128|129,2,0,oracle_confirmed,1.0,20.0,k3_bridge_safe,dbdfb47e221ddd8c9f45f0ad268d380bd3f8c6fb2155bd8469807d85132a631c,45
cbbv2_514c0d360fd5b2a4b5fe,native_track_B0_uniform_random_random_native_confirmed_s057_b100,B0_uniform_random,random_native_confirmed,57,100,native_track_B0_uniform_random_random_native_confirmed_s057_b100_event_0002,1610.0,1610.0,1620.0,1620.0,161,161,1,0,oracle_confirmed,1.0,10.0,k3_bridge_safe,dbdfb47e221ddd8c9f45f0ad268d380bd3f8c6fb2155bd8469807d85132a631c,45
cbbv2_514c0d360fd5b2a4b5fe,native_track_B0_uniform_random_random_native_confirmed_s057_b100,B0_uniform_random,random_native_confirmed,57,100,native_track_B0_uniform_random_random_native_confirmed_s057_b100_event_0003,1750.0,1750.0,1760.0,1760.0,175,175,1,0,oracle_confirmed,1.0,10.0,k3_bridge_safe,dbdfb47e221ddd8c9f45f0ad268d380bd3f8c6fb2155bd8469807d85132a631c,45
cbbv2_514c0d360fd5b2a4b5fe,native_track_B0_uniform_random_random_native_confirmed_s057_b100,B0_uniform_random,random_native_confirmed,57,100,native_track_B0_uniform_random_random_native_confirmed_s057_b100_event_0004,2830.0,2830.0,2840.0,2840.0,283,283,1,0,oracle_confirmed,1.0,10.0,k3_bridge_safe,dbdfb47e221ddd8c9f45f0ad268d380bd3f8c6fb2155bd8469807d85132a631c,45
cbbv2_514c0d360fd5b2a4b5fe,native_track_B0_uniform_random_random_native_confirmed_s057_b100,B0_uniform_random,random_native_confirmed,57,100,native_track_B0_uniform_random_random_native_confirmed_s057_b100_event_0005,2960.0,2960.0,2980.0,2980.0,296|297,296|297,2,0,oracle_confirmed,1.0,20.0,k3_bridge_safe,dbdfb47e221ddd8c9f45f0ad268d380bd3f8c6fb2155bd8469807d85132a631c,45
cbbv2_514c0d360fd5b2a4b5fe,native_track_B0_uniform_random_random_native_confirmed_s057_b100,B0_uniform_random,random_native_confirmed,57,100,native_track_B0_uniform_random_random_native_confirmed_s057_b100_event_0000,750.0,750.0,760.0,760.0,75,75,1,0,oracle_confirmed,1.0,10.0,k3_bridge_safe,dbdfb47e221ddd8c9f45f0ad268d380bd3f8c6fb2155bd8469807d85132a631c,46
cbbv2_514c0d360fd5b2a4b5fe,native_track_B0_uniform_random_random_native_confirmed_s057_b100,B0_uniform_random,random_native_confirmed,57,100,native_track_B0_uniform_random_random_native_confirmed_s057_b100_event_0001,1280.0,1280.0,1300.0,1300.0,128|129,128|129,2,0,oracle_confirmed,1.0,20.0,k3_bridge_safe,dbdfb47e221ddd8c9f45f0ad268d380bd3f8c6fb2155bd8469807d85132a631c,46
cbbv2_514c0d360fd5b2a4b5fe,native_track_B0_uniform_random_random_native_confirmed_s057_b100,B0_uniform_random,random_native_confirmed,57,100,native_track_B0_uniform_random_random_native_confirmed_s057_b100_event_0002,1610.0,1610.0,1620.0,1620.0,161,161,1,0,oracle_confirmed,1.0,10.0,k3_bridge_safe,dbdfb47e221ddd8c9f45f0ad268d380bd3f8c6fb2155bd8469807d85132a631c,46
cbbv2_514c0d360fd5b2a4b5fe,native_track_B0_uniform_random_random_native_confirmed_s057_b100,B0_uniform_random,random_native_confirmed,57,100,native_track_B0_uniform_random_random_native_confirmed_s057_b100_event_0003,1750.0,1750.0,1760.0,1760.0,175,175,1,0,oracle_confirmed,1.0,10.0,k3_bridge_safe,dbdfb47e221ddd8c9f45f0ad268d380bd3f8c6fb2155bd8469807d85132a631c,46
cbbv2_514c0d360fd5b2a4b5fe,native_track_B0_uniform_random_random_native_confirmed_s057_b100,B0_uniform_random,random_native_confirmed,57,100,native_track_B0_uniform_random_random_native_confirmed_s057_b100_event_0004,2830.0,2830.0,2840.0,2840.0,283,283,1,0,oracle_confirmed,1.0,10.0,k3_bridge_safe,dbdfb47e221ddd8c9f45f0ad268d380bd3f8c6fb2155bd8469807d85132a631c,46
cbbv2_514c0d360fd5b2a4b5fe,native_track_B0_uniform_random_random_native_confirmed_s057_b100,B0_uniform_random,random_native_confirmed,57,100,native_track_B0_uniform_random_random_native_confirmed_s057_b100_event_0005,2960.0,2960.0,2980.0,2980.0,296|297,296|297,2,0,oracle_confirmed,1.0,20.0,k3_bridge_safe,dbdfb47e221ddd8c9f45f0ad268d380bd3f8c6fb2155bd8469807d85132a631c,46
cbbv2_514c0d360fd5b2a4b5fe,native_track_B0_uniform_random_random_native_confirmed_s057_b100,B0_uniform_random,random_native_confirmed,57,100,native_track_B0_uniform_random_random_native_confirmed_s057_b100_event_0000,750.0,750.0,760.0,760.0,75,75,1,0,oracle_confirmed,1.0,10.0,k3_bridge_safe,dbdfb47e221ddd8c9f45f0ad268d380bd3f8c6fb2155bd8469807d85132a631c,47
cbbv2_514c0d360fd5b2a4b5fe,native_track_B0_uniform_random_random_native_confirmed_s057_b100,B0_uniform_random,random_native_confirmed,57,100,native_track_B0_uniform_random_random_native_confirmed_s057_b100_event_0001,1280.0,1280.0,1300.0,1300.0,128|129,128|129,2,0,oracle_confirmed,1.0,20.0,k3_bridge_safe,dbdfb47e221ddd8c9f45f0ad268d380bd3f8c6fb2155bd8469807d85132a631c,47
cbbv2_514c0d360fd5b2a4b5fe,native_track_B0_uniform_random_random_native_confirmed_s057_b100,B0_uniform_random,random_native_confirmed,57,100,native_track_B0_uniform_random_random_native_confirmed_s057_b100_event_0002,1610.0,1610.0,1620.0,1620.0,161,161,1,0,oracle_confirmed,1.0,10.0,k3_bridge_safe,dbdfb47e221ddd8c9f45f0ad268d380bd3f8c6fb2155bd8469807d85132a631c,47
cbbv2_514c0d360fd5b2a4b5fe,native_track_B0_uniform_random_random_native_confirmed_s057_b100,B0_uniform_random,random_native_confirmed,57,100,native_track_B0_uniform_random_random_native_confirmed_s057_b100_event_0003,1750.0,1750.0,1760.0,1760.0,175,175,1,0,oracle_confirmed,1.0,10.0,k3_bridge_safe,dbdfb47e221ddd8c9f45f0ad268d380bd3f8c6fb2155bd8469807d85132a631c,47
cbbv2_514c0d360fd5b2a4b5fe,native_track_B0_uniform_random_random_native_confirmed_s057_b100,B0_uniform_random,random_native_confirmed,57,100,native_track_B0_uniform_random_random_native_confirmed_s057_b100_event_0004,2830.0,2830.0,2840.0,2840.0,283,283,1,0,oracle_confirmed,1.0,10.0,k3_bridge_safe,dbdfb47e221ddd8c9f45f0ad268d380bd3f8c6fb2155bd8469807d85132a631c,47
cbbv2_514c0d360fd5b2a4b5fe,native_track_B0_uniform_random_random_native_confirmed_s057_b100,B0_uniform_random,random_native_confirmed,57,100,native_track_B0_uniform_random_random_native_confirmed_s057_b100_event_0005,2960.0,2960.0,2980.0,2980.0,296|297,296|297,2,0,oracle_confirmed,1.0,20.0,k3_bridge_safe,dbdfb47e221ddd8c9f45f0ad268d380bd3f8c6fb2155bd8469807d85132a631c,47
cbbv2_514c0d360fd5b2a4b5fe,native_track_B0_uniform_random_random_native_confirmed_s057_b100,B0_uniform_random,random_native_confirmed,57,100,native_track_B0_uniform_random_random_native_confirmed_s057_b100_event_0000,690.0,690.0,700.0,700.0,69,69,1,0,oracle_confirmed,1.0,10.0,k3_bridge_safe,dbdfb47e221ddd8c9f45f0ad268d380bd3f8c6fb2155bd8469807d85132a631c,48
cbbv2_514c0d360fd5b2a4b5fe,native_track_B0_uniform_random_random_native_confirmed_s057_b100,B0_uniform_random,random_native_confirmed,57,100,native_track_B0_uniform_random_random_native_confirmed_s057_b100_event_0001,750.0,750.0,760.0,760.0,75,75,1,0,oracle_confirmed,1.0,10.0,k3_bridge_safe,dbdfb47e221ddd8c9f45f0ad268d380bd3f8c6fb2155bd8469807d85132a631c,48
cbbv2_514c0d360fd5b2a4b5fe,native_track_B0_uniform_random_random_native_confirmed_s057_b100,B0_uniform_random,random_native_confirmed,57,100,native_track_B0_uniform_random_random_native_confirmed_s057_b100_event_0002,1280.0,1280.0,1300.0,1300.0,128|129,128|129,2,0,oracle_confirmed,1.0,20.0,k3_bridge_safe,dbdfb47e221ddd8c9f45f0ad268d380bd3f8c6fb2155bd8469807d85132a631c,48
cbbv2_514c0d360fd5b2a4b5fe,native_track_B0_uniform_random_random_native_confirmed_s057_b100,B0_uniform_random,random_native_confirmed,57,100,native_track_B0_uniform_random_random_native_confirmed_s057_b100_event_0003,1610.0,1610.0,1620.0,1620.0,161,161,1,0,oracle_confirmed,1.0,10.0,k3_bridge_safe,dbdfb47e221ddd8c9f45f0ad268d380bd3f8c6fb2155bd8469807d85132a631c,48
cbbv2_514c0d360fd5b2a4b5fe,native_track_B0_uniform_random_random_native_confirmed_s057_b100,B0_uniform_random,random_native_confirmed,57,100,native_track_B0_uniform_random_random_native_confirmed_s057_b100_event_0004,1750.0,1750.0,1760.0,1760.0,175,175,1,0,oracle_confirmed,1.0,10.0,k3_bridge_safe,dbdfb47e221ddd8c9f45f0ad268d380bd3f8c6fb2155bd8469807d85132a631c,48
cbbv2_514c0d360fd5b2a4b5fe,native_track_B0_uniform_random_random_native_confirmed_s057_b100,B0_uniform_random,random_native_confirmed,57,100,native_track_B0_uniform_random_random_native_confirmed_s057_b100_event_0005,2830.0,2830.0,2840.0,2840.0,283,283,1,0,oracle_confirmed,1.0,10.0,k3_bridge_safe,dbdfb47e221ddd8c9f45f0ad268d380bd3f8c6fb2155bd8469807d85132a631c,48
cbbv2_514c0d360fd5b2a4b5fe,native_track_B0_uniform_random_random_native_confirmed_s057_b100,B0_uniform_random,random_native_confirmed,57,100,native_track_B0_uniform_random_random_native_confirmed_s057_b100_event_0006,2960.0,2960.0,2980.0,2980.0,296|297,296|297,2,0,oracle_confirmed,1.0,20.0,k3_bridge_safe,dbdfb47e221ddd8c9f45f0ad268d380bd3f8c6fb2155bd8469807d85132a631c,48
cbbv2_514c0d360fd5b2a4b5fe,native_track_B0_uniform_random_random_native_confirmed_s057_b100,B0_uniform_random,random_native_confirmed,57,100,native_track_B0_uniform_random_random_native_confirmed_s057_b100_event_0000,690.0,690.0,700.0,700.0,69,69,1,0,oracle_confirmed,1.0,10.0,k3_bridge_safe,dbdfb47e221ddd8c9f45f0ad268d380bd3f8c6fb2155bd8469807d85132a631c,49
cbbv2_514c0d360fd5b2a4b5fe,native_track_B0_uniform_random_random_native_confirmed_s057_b100,B0_uniform_random,random_native_confirmed,57,100,native_track_B0_uniform_random_random_native_confirmed_s057_b100_event_0001,750.0,750.0,760.0,760.0,75,75,1,0,oracle_confirmed,1.0,10.0,k3_bridge_safe,dbdfb47e221ddd8c9f45f0ad268d380bd3f8c6fb2155bd8469807d85132a631c,49
cbbv2_514c0d360fd5b2a4b5fe,native_track_B0_uniform_random_random_native_confirmed_s057_b100,B0_uniform_random,random_native_confirmed,57,100,native_track_B0_uniform_random_random_native_confirmed_s057_b100_event_0002,1280.0,1280.0,1300.0,1300.0,128|129,128|129,2,0,oracle_confirmed,1.0,20.0,k3_bridge_safe,dbdfb47e221ddd8c9f45f0ad268d380bd3f8c6fb2155bd8469807d85132a631c,49
cbbv2_514c0d360fd5b2a4b5fe,native_track_B0_uniform_random_random_native_confirmed_s057_b100,B0_uniform_random,random_native_confirmed,57,100,native_track_B0_uniform_random_random_native_confirmed_s057_b100_event_0003,1610.0,1610.0,1620.0,1620.0,161,161,1,0,oracle_confirmed,1.0,10.0,k3_bridge_safe,dbdfb47e221ddd8c9f45f0ad268d380bd3f8c6fb2155bd8469807d85132a631c,49
cbbv2_514c0d360fd5b2a4b5fe,native_track_B0_uniform_random_random_native_confirmed_s057_b100,B0_uniform_random,random_native_confirmed,57,100,native_track_B0_uniform_random_random_native_confirmed_s057_b100_event_0004,1750.0,1750.0,1760.0,1760.0,175,175,1,0,oracle_confirmed,1.0,10.0,k3_bridge_safe,dbdfb47e221ddd8c9f45f0ad268d380bd3f8c6fb2155bd8469807d85132a631c,49
cbbv2_514c0d360fd5b2a4b5fe,native_track_B0_uniform_random_random_native_confirmed_s057_b100,B0_uniform_random,random_native_confirmed,57,100,native_track_B0_uniform_random_random_native_confirmed_s057_b100_event_0005,2830.0,2830.0,2840.0,2840.0,283,283,1,0,oracle_confirmed,1.0,10.0,k3_bridge_safe,dbdfb47e221ddd8c9f45f0ad268d380bd3f8c6fb2155bd8469807d85132a631c,49
cbbv2_514c0d360fd5b2a4b5fe,native_track_B0_uniform_random_random_native_confirmed_s057_b100,B0_uniform_random,random_native_confirmed,57,100,native_track_B0_uniform_random_random_native_confirmed_s057_b100_event_0006,2960.0,2960.0,2980.0,2980.0,296|297,296|297,2,0,oracle_confirmed,1.0,20.0,k3_bridge_safe,dbdfb47e221ddd8c9f45f0ad268d380bd3f8c6fb2155bd8469807d85132a631c,49
cbbv2_514c0d360fd5b2a4b5fe,native_track_B0_uniform_random_random_native_confirmed_s057_b100,B0_uniform_random,random_native_confirmed,57,100,native_track_B0_uniform_random_random_native_confirmed_s057_b100_event_0000,690.0,690.0,700.0,700.0,69,69,1,0,oracle_confirmed,1.0,10.0,k3_bridge_safe,dbdfb47e221ddd8c9f45f0ad268d380bd3f8c6fb2155bd8469807d85132a631c,50
cbbv2_514c0d360fd5b2a4b5fe,native_track_B0_uniform_random_random_native_confirmed_s057_b100,B0_uniform_random,random_native_confirmed,57,100,native_track_B0_uniform_random_random_native_confirmed_s057_b100_event_0001,750.0,750.0,760.0,760.0,75,75,1,0,oracle_confirmed,1.0,10.0,k3_bridge_safe,dbdfb47e221ddd8c9f45f0ad268d380bd3f8c6fb2155bd8469807d85132a631c,50
cbbv2_514c0d360fd5b2a4b5fe,native_track_B0_uniform_random_random_native_confirmed_s057_b100,B0_uniform_random,random_native_confirmed,57,100,native_track_B0_uniform_random_random_native_confirmed_s057_b100_event_0002,1280.0,1280.0,1300.0,1300.0,128|129,128|129,2,0,oracle_confirmed,1.0,20.0,k3_bridge_safe,dbdfb47e221ddd8c9f45f0ad268d380bd3f8c6fb2155bd8469807d85132a631c,50
cbbv2_514c0d360fd5b2a4b5fe,native_track_B0_uniform_random_random_native_confirmed_s057_b100,B0_uniform_random,random_native_confirmed,57,100,native_track_B0_uniform_random_random_native_confirmed_s057_b100_event_0003,1610.0,1610.0,1620.0,1620.0,161,161,1,0,oracle_confirmed,1.0,10.0,k3_bridge_safe,dbdfb47e221ddd8c9f45f0ad268d380bd3f8c6fb2155bd8469807d85132a631c,50
cbbv2_514c0d360fd5b2a4b5fe,native_track_B0_uniform_random_random_native_confirmed_s057_b100,B0_uniform_random,random_native_confirmed,57,100,native_track_B0_uniform_random_random_native_confirmed_s057_b100_event_0004,1750.0,1750.0,1760.0,1760.0,175,175,1,0,oracle_confirmed,1.0,10.0,k3_bridge_safe,dbdfb47e221ddd8c9f45f0ad268d380bd3f8c6fb2155bd8469807d85132a631c,50
cbbv2_514c0d360fd5b2a4b5fe,native_track_B0_uniform_random_random_native_confirmed_s057_b100,B0_uniform_random,random_native_confirmed,57,100,native_track_B0_uniform_random_random_native_confirmed_s057_b100_event_0005,2830.0,2830.0,2840.0,2840.0,283,283,1,0,oracle_confirmed,1.0,10.0,k3_bridge_safe,dbdfb47e221ddd8c9f45f0ad268d380bd3f8c6fb2155bd8469807d85132a631c,50
cbbv2_514c0d360fd5b2a4b5fe,native_track_B0_uniform_random_random_native_confirmed_s057_b100,B0_uniform_random,random_native_confirmed,57,100,native_track_B0_uniform_random_random_native_confirmed_s057_b100_event_0006,2960.0,2960.0,2980.0,2980.0,296|297,296|297,2,0,oracle_confirmed,1.0,20.0,k3_bridge_safe,dbdfb47e221ddd8c9f45f0ad268d380bd3f8c6fb2155bd8469807d85132a631c,50
cbbv2_514c0d360fd5b2a4b5fe,native_track_B0_uniform_random_random_native_confirmed_s057_b100,B0_uniform_random,random_native_confirmed,57,100,native_track_B0_uniform_random_random_native_confirmed_s057_b100_event_0000,690.0,690.0,700.0,700.0,69,69,1,0,oracle_confirmed,1.0,10.0,k3_bridge_safe,dbdfb47e221ddd8c9f45f0ad268d380bd3f8c6fb2155bd8469807d85132a631c,51
cbbv2_514c0d360fd5b2a4b5fe,native_track_B0_uniform_random_random_native_confirmed_s057_b100,B0_uniform_random,random_native_confirmed,57,100,native_track_B0_uniform_random_random_native_confirmed_s057_b100_event_0001,750.0,750.0,760.0,760.0,75,75,1,0,oracle_confirmed,1.0,10.0,k3_bridge_safe,dbdfb47e221ddd8c9f45f0ad268d380bd3f8c6fb2155bd8469807d85132a631c,51
cbbv2_514c0d360fd5b2a4b5fe,native_track_B0_uniform_random_random_native_confirmed_s057_b100,B0_uniform_random,random_native_confirmed,57,100,native_track_B0_uniform_random_random_native_confirmed_s057_b100_event_0002,1280.0,1280.0,1300.0,1300.0,128|129,128|129,2,0,oracle_confirmed,1.0,20.0,k3_bridge_safe,dbdfb47e221ddd8c9f45f0ad268d380bd3f8c6fb2155bd8469807d85132a631c,51
cbbv2_514c0d360fd5b2a4b5fe,native_track_B0_uniform_random_random_native_confirmed_s057_b100,B0_uniform_random,random_native_confirmed,57,100,native_track_B0_uniform_random_random_native_confirmed_s057_b100_event_0003,1610.0,1610.0,1620.0,1620.0,161,161,1,0,oracle_confirmed,1.0,10.0,k3_bridge_safe,dbdfb47e221ddd8c9f45f0ad268d380bd3f8c6fb2155bd8469807d85132a631c,51
cbbv2_514c0d360fd5b2a4b5fe,native_track_B0_uniform_random_random_native_confirmed_s057_b100,B0_uniform_random,random_native_confirmed,57,100,native_track_B0_uniform_random_random_native_confirmed_s057_b100_event_0004,1750.0,1750.0,1760.0,1760.0,175,175,1,0,oracle_confirmed,1.0,10.0,k3_bridge_safe,dbdfb47e221ddd8c9f45f0ad268d380bd3f8c6fb2155bd8469807d85132a631c,51
cbbv2_514c0d360fd5b2a4b5fe,native_track_B0_uniform_random_random_native_confirmed_s057_b100,B0_uniform_random,random_native_confirmed,57,100,native_track_B0_uniform_random_random_native_confirmed_s057_b100_event_0005,2830.0,2830.0,2840.0,2840.0,283,283,1,0,oracle_confirmed,1.0,10.0,k3_bridge_safe,dbdfb47e221ddd8c9f45f0ad268d380bd3f8c6fb2155bd8469807d85132a631c,51
cbbv2_514c0d360fd5b2a4b5fe,native_track_B0_uniform_random_random_native_confirmed_s057_b100,B0_uniform_random,random_native_confirmed,57,100,native_track_B0_uniform_random_random_native_confirmed_s057_b100_event_0006,2960.0,2960.0,2980.0,2980.0,296|297,296|297,2,0,oracle_confirmed,1.0,20.0,k3_bridge_safe,dbdfb47e221ddd8c9f45f0ad268d380bd3f8c6fb2155bd8469807d85132a631c,51
cbbv2_514c0d360fd5b2a4b5fe,native_track_B0_uniform_random_random_native_confirmed_s057_b100,B0_uniform_random,random_native_confirmed,57,100,native_track_B0_uniform_random_random_native_confirmed_s057_b100_event_0000,690.0,690.0,700.0,700.0,69,69,1,0,oracle_confirmed,1.0,10.0,k3_bridge_safe,dbdfb47e221ddd8c9f45f0ad268d380bd3f8c6fb2155bd8469807d85132a631c,52
cbbv2_514c0d360fd5b2a4b5fe,native_track_B0_uniform_random_random_native_confirmed_s057_b100,B0_uniform_random,random_native_confirmed,57,100,native_track_B0_uniform_random_random_native_confirmed_s057_b100_event_0001,750.0,750.0,760.0,760.0,75,75,1,0,oracle_confirmed,1.0,10.0,k3_bridge_safe,dbdfb47e221ddd8c9f45f0ad268d380bd3f8c6fb2155bd8469807d85132a631c,52
cbbv2_514c0d360fd5b2a4b5fe,native_track_B0_uniform_random_random_native_confirmed_s057_b100,B0_uniform_random,random_native_confirmed,57,100,native_track_B0_uniform_random_random_native_confirmed_s057_b100_event_0002,1280.0,1280.0,1300.0,1300.0,128|129,128|129,2,0,oracle_confirmed,1.0,20.0,k3_bridge_safe,dbdfb47e221ddd8c9f45f0ad268d380bd3f8c6fb2155bd8469807d85132a631c,52
cbbv2_514c0d360fd5b2a4b5fe,native_track_B0_uniform_random_random_native_confirmed_s057_b100,B0_uniform_random,random_native_confirmed,57,100,native_track_B0_uniform_random_random_native_confirmed_s057_b100_event_0003,1610.0,1610.0,1620.0,1620.0,161,161,1,0,oracle_confirmed,1.0,10.0,k3_bridge_safe,dbdfb47e221ddd8c9f45f0ad268d380bd3f8c6fb2155bd8469807d85132a631c,52
cbbv2_514c0d360fd5b2a4b5fe,native_track_B0_uniform_random_random_native_confirmed_s057_b100,B0_uniform_random,random_native_confirmed,57,100,native_track_B0_uniform_random_random_native_confirmed_s057_b100_event_0004,1750.0,1750.0,1760.0,1760.0,175,175,1,0,oracle_confirmed,1.0,10.0,k3_bridge_safe,dbdfb47e221ddd8c9f45f0ad268d380bd3f8c6fb2155bd8469807d85132a631c,52
cbbv2_514c0d360fd5b2a4b5fe,native_track_B0_uniform_random_random_native_confirmed_s057_b100,B0_uniform_random,random_native_confirmed,57,100,native_track_B0_uniform_random_random_native_confirmed_s057_b100_event_0005,2830.0,2830.0,2840.0,2840.0,283,283,1,0,oracle_confirmed,1.0,10.0,k3_bridge_safe,dbdfb47e221ddd8c9f45f0ad268d380bd3f8c6fb2155bd8469807d85132a631c,52
cbbv2_514c0d360fd5b2a4b5fe,native_track_B0_uniform_random_random_native_confirmed_s057_b100,B0_uniform_random,random_native_confirmed,57,100,native_track_B0_uniform_random_random_native_confirmed_s057_b100_event_0006,2960.0,2960.0,2980.0,2980.0,296|297,296|297,2,0,oracle_confirmed,1.0,20.0,k3_bridge_safe,dbdfb47e221ddd8c9f45f0ad268d380bd3f8c6fb2155bd8469807d85132a631c,52
cbbv2_514c0d360fd5b2a4b5fe,native_track_B0_uniform_random_random_native_confirmed_s057_b100,B0_uniform_random,random_native_confirmed,57,100,native_track_B0_uniform_random_random_native_confirmed_s057_b100_event_0000,690.0,690.0,700.0,700.0,69,69,1,0,oracle_confirmed,1.0,10.0,k3_bridge_safe,dbdfb47e221ddd8c9f45f0ad268d380bd3f8c6fb2155bd8469807d85132a631c,53
cbbv2_514c0d360fd5b2a4b5fe,native_track_B0_uniform_random_random_native_confirmed_s057_b100,B0_uniform_random,random_native_confirmed,57,100,native_track_B0_uniform_random_random_native_confirmed_s057_b100_event_0001,750.0,750.0,760.0,760.0,75,75,1,0,oracle_confirmed,1.0,10.0,k3_bridge_safe,dbdfb47e221ddd8c9f45f0ad268d380bd3f8c6fb2155bd8469807d85132a631c,53
cbbv2_514c0d360fd5b2a4b5fe,native_track_B0_uniform_random_random_native_confirmed_s057_b100,B0_uniform_random,random_native_confirmed,57,100,native_track_B0_uniform_random_random_native_confirmed_s057_b100_event_0002,1280.0,1280.0,1300.0,1300.0,128|129,128|129,2,0,oracle_confirmed,1.0,20.0,k3_bridge_safe,dbdfb47e221ddd8c9f45f0ad268d380bd3f8c6fb2155bd8469807d85132a631c,53
cbbv2_514c0d360fd5b2a4b5fe,native_track_B0_uniform_random_random_native_confirmed_s057_b100,B0_uniform_random,random_native_confirmed,57,100,native_track_B0_uniform_random_random_native_confirmed_s057_b100_event_0003,1610.0,1610.0,1620.0,1620.0,161,161,1,0,oracle_confirmed,1.0,10.0,k3_bridge_safe,dbdfb47e221ddd8c9f45f0ad268d380bd3f8c6fb2155bd8469807d85132a631c,53
cbbv2_514c0d360fd5b2a4b5fe,native_track_B0_uniform_random_random_native_confirmed_s057_b100,B0_uniform_random,random_native_confirmed,57,100,native_track_B0_uniform_random_random_native_confirmed_s057_b100_event_0004,1750.0,1750.0,1760.0,1760.0,175,175,1,0,oracle_confirmed,1.0,10.0,k3_bridge_safe,dbdfb47e221ddd8c9f45f0ad268d380bd3f8c6fb2155bd8469807d85132a631c,53
cbbv2_514c0d360fd5b2a4b5fe,native_track_B0_uniform_random_random_native_confirmed_s057_b100,B0_uniform_random,random_native_confirmed,57,100,native_track_B0_uniform_random_random_native_confirmed_s057_b100_event_0005,2830.0,2830.0,2840.0,2840.0,283,283,1,0,oracle_confirmed,1.0,10.0,k3_bridge_safe,dbdfb47e221ddd8c9f45f0ad268d380bd3f8c6fb2155bd8469807d85132a631c,53
cbbv2_514c0d360fd5b2a4b5fe,native_track_B0_uniform_random_random_native_confirmed_s057_b100,B0_uniform_random,random_native_confirmed,57,100,native_track_B0_uniform_random_random_native_confirmed_s057_b100_event_0006,2960.0,2960.0,2980.0,2980.0,296|297,296|297,2,0,oracle_confirmed,1.0,20.0,k3_bridge_safe,dbdfb47e221ddd8c9f45f0ad268d380bd3f8c6fb2155bd8469807d85132a631c,53
cbbv2_514c0d360fd5b2a4b5fe,native_track_B0_uniform_random_random_native_confirmed_s057_b100,B0_uniform_random,random_native_confirmed,57,100,native_track_B0_uniform_random_random_native_confirmed_s057_b100_event_0000,690.0,690.0,700.0,700.0,69,69,1,0,oracle_confirmed,1.0,10.0,k3_bridge_safe,dbdfb47e221ddd8c9f45f0ad268d380bd3f8c6fb2155bd8469807d85132a631c,54
cbbv2_514c0d360fd5b2a4b5fe,native_track_B0_uniform_random_random_native_confirmed_s057_b100,B0_uniform_random,random_native_confirmed,57,100,native_track_B0_uniform_random_random_native_confirmed_s057_b100_event_0001,750.0,750.0,760.0,760.0,75,75,1,0,oracle_confirmed,1.0,10.0,k3_bridge_safe,dbdfb47e221ddd8c9f45f0ad268d380bd3f8c6fb2155bd8469807d85132a631c,54
cbbv2_514c0d360fd5b2a4b5fe,native_track_B0_uniform_random_random_native_confirmed_s057_b100,B0_uniform_random,random_native_confirmed,57,100,native_track_B0_uniform_random_random_native_confirmed_s057_b100_event_0002,1280.0,1280.0,1300.0,1300.0,128|129,128|129,2,0,oracle_confirmed,1.0,20.0,k3_bridge_safe,dbdfb47e221ddd8c9f45f0ad268d380bd3f8c6fb2155bd8469807d85132a631c,54
cbbv2_514c0d360fd5b2a4b5fe,native_track_B0_uniform_random_random_native_confirmed_s057_b100,B0_uniform_random,random_native_confirmed,57,100,native_track_B0_uniform_random_random_native_confirmed_s057_b100_event_0003,1610.0,1610.0,1620.0,1620.0,161,161,1,0,oracle_confirmed,1.0,10.0,k3_bridge_safe,dbdfb47e221ddd8c9f45f0ad268d380bd3f8c6fb2155bd8469807d85132a631c,54
cbbv2_514c0d360fd5b2a4b5fe,native_track_B0_uniform_random_random_native_confirmed_s057_b100,B0_uniform_random,random_native_confirmed,57,100,native_track_B0_uniform_random_random_native_confirmed_s057_b100_event_0004,1750.0,1750.0,1760.0,1760.0,175,175,1,0,oracle_confirmed,1.0,10.0,k3_bridge_safe,dbdfb47e221ddd8c9f45f0ad268d380bd3f8c6fb2155bd8469807d85132a631c,54
cbbv2_514c0d360fd5b2a4b5fe,native_track_B0_uniform_random_random_native_confirmed_s057_b100,B0_uniform_random,random_native_confirmed,57,100,native_track_B0_uniform_random_random_native_confirmed_s057_b100_event_0005,2830.0,2830.0,2840.0,2840.0,283,283,1,0,oracle_confirmed,1.0,10.0,k3_bridge_safe,dbdfb47e221ddd8c9f45f0ad268d380bd3f8c6fb2155bd8469807d85132a631c,54
cbbv2_514c0d360fd5b2a4b5fe,native_track_B0_uniform_random_random_native_confirmed_s057_b100,B0_uniform_random,random_native_confirmed,57,100,native_track_B0_uniform_random_random_native_confirmed_s057_b100_event_0006,2960.0,2960.0,2980.0,2980.0,296|297,296|297,2,0,oracle_confirmed,1.0,20.0,k3_bridge_safe,dbdfb47e221ddd8c9f45f0ad268d380bd3f8c6fb2155bd8469807d85132a631c,54
cbbv2_514c0d360fd5b2a4b5fe,native_track_B0_uniform_random_random_native_confirmed_s057_b100,B0_uniform_random,random_native_confirmed,57,100,native_track_B0_uniform_random_random_native_confirmed_s057_b100_event_0000,690.0,690.0,700.0,700.0,69,69,1,0,oracle_confirmed,1.0,10.0,k3_bridge_safe,dbdfb47e221ddd8c9f45f0ad268d380bd3f8c6fb2155bd8469807d85132a631c,55
cbbv2_514c0d360fd5b2a4b5fe,native_track_B0_uniform_random_random_native_confirmed_s057_b100,B0_uniform_random,random_native_confirmed,57,100,native_track_B0_uniform_random_random_native_confirmed_s057_b100_event_0001,750.0,750.0,760.0,760.0,75,75,1,0,oracle_confirmed,1.0,10.0,k3_bridge_safe,dbdfb47e221ddd8c9f45f0ad268d380bd3f8c6fb2155bd8469807d85132a631c,55
cbbv2_514c0d360fd5b2a4b5fe,native_track_B0_uniform_random_random_native_confirmed_s057_b100,B0_uniform_random,random_native_confirmed,57,100,native_track_B0_uniform_random_random_native_confirmed_s057_b100_event_0002,1280.0,1280.0,1300.0,1300.0,128|129,128|129,2,0,oracle_confirmed,1.0,20.0,k3_bridge_safe,dbdfb47e221ddd8c9f45f0ad268d380bd3f8c6fb2155bd8469807d85132a631c,55
cbbv2_514c0d360fd5b2a4b5fe,native_track_B0_uniform_random_random_native_confirmed_s057_b100,B0_uniform_random,random_native_confirmed,57,100,native_track_B0_uniform_random_random_native_confirmed_s057_b100_event_0003,1610.0,1610.0,1620.0,1620.0,161,161,1,0,oracle_confirmed,1.0,10.0,k3_bridge_safe,dbdfb47e221ddd8c9f45f0ad268d380bd3f8c6fb2155bd8469807d85132a631c,55
cbbv2_514c0d360fd5b2a4b5fe,native_track_B0_uniform_random_random_native_confirmed_s057_b100,B0_uniform_random,random_native_confirmed,57,100,native_track_B0_uniform_random_random_native_confirmed_s057_b100_event_0004,1750.0,1750.0,1760.0,1760.0,175,175,1,0,oracle_confirmed,1.0,10.0,k3_bridge_safe,dbdfb47e221ddd8c9f45f0ad268d380bd3f8c6fb2155bd8469807d85132a631c,55
cbbv2_514c0d360fd5b2a4b5fe,native_track_B0_uniform_random_random_native_confirmed_s057_b100,B0_uniform_random,random_native_confirmed,57,100,native_track_B0_uniform_random_random_native_confirmed_s057_b100_event_0005,2830.0,2830.0,2840.0,2840.0,283,283,1,0,oracle_confirmed,1.0,10.0,k3_bridge_safe,dbdfb47e221ddd8c9f45f0ad268d380bd3f8c6fb2155bd8469807d85132a631c,55
cbbv2_514c0d360fd5b2a4b5fe,native_track_B0_uniform_random_random_native_confirmed_s057_b100,B0_uniform_random,random_native_confirmed,57,100,native_track_B0_uniform_random_random_native_confirmed_s057_b100_event_0006,2960.0,2960.0,2980.0,2980.0,296|297,296|297,2,0,oracle_confirmed,1.0,20.0,k3_bridge_safe,dbdfb47e221ddd8c9f45f0ad268d380bd3f8c6fb2155bd8469807d85132a631c,55
cbbv2_514c0d360fd5b2a4b5fe,native_track_B0_uniform_random_random_native_confirmed_s057_b100,B0_uniform_random,random_native_confirmed,57,100,native_track_B0_uniform_random_random_native_confirmed_s057_b100_event_0000,690.0,690.0,700.0,700.0,69,69,1,0,oracle_confirmed,1.0,10.0,k3_bridge_safe,dbdfb47e221ddd8c9f45f0ad268d380bd3f8c6fb2155bd8469807d85132a631c,56
cbbv2_514c0d360fd5b2a4b5fe,native_track_B0_uniform_random_random_native_confirmed_s057_b100,B0_uniform_random,random_native_confirmed,57,100,native_track_B0_uniform_random_random_native_confirmed_s057_b100_event_0001,750.0,750.0,760.0,760.0,75,75,1,0,oracle_confirmed,1.0,10.0,k3_bridge_safe,dbdfb47e221ddd8c9f45f0ad268d380bd3f8c6fb2155bd8469807d85132a631c,56
cbbv2_514c0d360fd5b2a4b5fe,native_track_B0_uniform_random_random_native_confirmed_s057_b100,B0_uniform_random,random_native_confirmed,57,100,native_track_B0_uniform_random_random_native_confirmed_s057_b100_event_0002,1280.0,1280.0,1300.0,1300.0,128|129,128|129,2,0,oracle_confirmed,1.0,20.0,k3_bridge_safe,dbdfb47e221ddd8c9f45f0ad268d380bd3f8c6fb2155bd8469807d85132a631c,56
cbbv2_514c0d360fd5b2a4b5fe,native_track_B0_uniform_random_random_native_confirmed_s057_b100,B0_uniform_random,random_native_confirmed,57,100,native_track_B0_uniform_random_random_native_confirmed_s057_b100_event_0003,1610.0,1610.0,1620.0,1620.0,161,161,1,0,oracle_confirmed,1.0,10.0,k3_bridge_safe,dbdfb47e221ddd8c9f45f0ad268d380bd3f8c6fb2155bd8469807d85132a631c,56
cbbv2_514c0d360fd5b2a4b5fe,native_track_B0_uniform_random_random_native_confirmed_s057_b100,B0_uniform_random,random_native_confirmed,57,100,native_track_B0_uniform_random_random_native_confirmed_s057_b100_event_0004,1750.0,1750.0,1760.0,1760.0,175,175,1,0,oracle_confirmed,1.0,10.0,k3_bridge_safe,dbdfb47e221ddd8c9f45f0ad268d380bd3f8c6fb2155bd8469807d85132a631c,56
cbbv2_514c0d360fd5b2a4b5fe,native_track_B0_uniform_random_random_native_confirmed_s057_b100,B0_uniform_random,random_native_confirmed,57,100,native_track_B0_uniform_random_random_native_confirmed_s057_b100_event_0005,2830.0,2830.0,2840.0,2840.0,283,283,1,0,oracle_confirmed,1.0,10.0,k3_bridge_safe,dbdfb47e221ddd8c9f45f0ad268d380bd3f8c6fb2155bd8469807d85132a631c,56
cbbv2_514c0d360fd5b2a4b5fe,native_track_B0_uniform_random_random_native_confirmed_s057_b100,B0_uniform_random,random_native_confirmed,57,100,native_track_B0_uniform_random_random_native_confirmed_s057_b100_event_0006,2960.0,2960.0,2980.0,2980.0,296|297,296|297,2,0,oracle_confirmed,1.0,20.0,k3_bridge_safe,dbdfb47e221ddd8c9f45f0ad268d380bd3f8c6fb2155bd8469807d85132a631c,56
cbbv2_514c0d360fd5b2a4b5fe,native_track_B0_uniform_random_random_native_confirmed_s057_b100,B0_uniform_random,random_native_confirmed,57,100,native_track_B0_uniform_random_random_native_confirmed_s057_b100_event_0000,690.0,690.0,700.0,700.0,69,69,1,0,oracle_confirmed,1.0,10.0,k3_bridge_safe,dbdfb47e221ddd8c9f45f0ad268d380bd3f8c6fb2155bd8469807d85132a631c,57
cbbv2_514c0d360fd5b2a4b5fe,native_track_B0_uniform_random_random_native_confirmed_s057_b100,B0_uniform_random,random_native_confirmed,57,100,native_track_B0_uniform_random_random_native_confirmed_s057_b100_event_0001,750.0,750.0,760.0,760.0,75,75,1,0,oracle_confirmed,1.0,10.0,k3_bridge_safe,dbdfb47e221ddd8c9f45f0ad268d380bd3f8c6fb2155bd8469807d85132a631c,57
cbbv2_514c0d360fd5b2a4b5fe,native_track_B0_uniform_random_random_native_confirmed_s057_b100,B0_uniform_random,random_native_confirmed,57,100,native_track_B0_uniform_random_random_native_confirmed_s057_b100_event_0002,1280.0,1280.0,1300.0,1300.0,128|129,128|129,2,0,oracle_confirmed,1.0,20.0,k3_bridge_safe,dbdfb47e221ddd8c9f45f0ad268d380bd3f8c6fb2155bd8469807d85132a631c,57
cbbv2_514c0d360fd5b2a4b5fe,native_track_B0_uniform_random_random_native_confirmed_s057_b100,B0_uniform_random,random_native_confirmed,57,100,native_track_B0_uniform_random_random_native_confirmed_s057_b100_event_0003,1610.0,1610.0,1620.0,1620.0,161,161,1,0,oracle_confirmed,1.0,10.0,k3_bridge_safe,dbdfb47e221ddd8c9f45f0ad268d380bd3f8c6fb2155bd8469807d85132a631c,57
cbbv2_514c0d360fd5b2a4b5fe,native_track_B0_uniform_random_random_native_confirmed_s057_b100,B0_uniform_random,random_native_confirmed,57,100,native_track_B0_uniform_random_random_native_confirmed_s057_b100_event_0004,1750.0,1750.0,1760.0,1760.0,175,175,1,0,oracle_confirmed,1.0,10.0,k3_bridge_safe,dbdfb47e221ddd8c9f45f0ad268d380bd3f8c6fb2155bd8469807d85132a631c,57
cbbv2_514c0d360fd5b2a4b5fe,native_track_B0_uniform_random_random_native_confirmed_s057_b100,B0_uniform_random,random_native_confirmed,57,100,native_track_B0_uniform_random_random_native_confirmed_s057_b100_event_0005,2830.0,2830.0,2840.0,2840.0,283,283,1,0,oracle_confirmed,1.0,10.0,k3_bridge_safe,dbdfb47e221ddd8c9f45f0ad268d380bd3f8c6fb2155bd8469807d85132a631c,57
cbbv2_514c0d360fd5b2a4b5fe,native_track_B0_uniform_random_random_native_confirmed_s057_b100,B0_uniform_random,random_native_confirmed,57,100,native_track_B0_uniform_random_random_native_confirmed_s057_b100_event_0006,2960.0,2960.0,2980.0,2980.0,296|297,296|297,2,0,oracle_confirmed,1.0,20.0,k3_bridge_safe,dbdfb47e221ddd8c9f45f0ad268d380bd3f8c6fb2155bd8469807d85132a631c,57
cbbv2_514c0d360fd5b2a4b5fe,native_track_B0_uniform_random_random_native_confirmed_s057_b100,B0_uniform_random,random_native_confirmed,57,100,native_track_B0_uniform_random_random_native_confirmed_s057_b100_event_0000,690.0,690.0,700.0,700.0,69,69,1,0,oracle_confirmed,1.0,10.0,k3_bridge_safe,dbdfb47e221ddd8c9f45f0ad268d380bd3f8c6fb2155bd8469807d85132a631c,58
cbbv2_514c0d360fd5b2a4b5fe,native_track_B0_uniform_random_random_native_confirmed_s057_b100,B0_uniform_random,random_native_confirmed,57,100,native_track_B0_uniform_random_random_native_confirmed_s057_b100_event_0001,750.0,750.0,760.0,760.0,75,75,1,0,oracle_confirmed,1.0,10.0,k3_bridge_safe,dbdfb47e221ddd8c9f45f0ad268d380bd3f8c6fb2155bd8469807d85132a631c,58
cbbv2_514c0d360fd5b2a4b5fe,native_track_B0_uniform_random_random_native_confirmed_s057_b100,B0_uniform_random,random_native_confirmed,57,100,native_track_B0_uniform_random_random_native_confirmed_s057_b100_event_0002,1280.0,1280.0,1300.0,1300.0,128|129,128|129,2,0,oracle_confirmed,1.0,20.0,k3_bridge_safe,dbdfb47e221ddd8c9f45f0ad268d380bd3f8c6fb2155bd8469807d85132a631c,58
cbbv2_514c0d360fd5b2a4b5fe,native_track_B0_uniform_random_random_native_confirmed_s057_b100,B0_uniform_random,random_native_confirmed,57,100,native_track_B0_uniform_random_random_native_confirmed_s057_b100_event_0003,1610.0,1610.0,1620.0,1620.0,161,161,1,0,oracle_confirmed,1.0,10.0,k3_bridge_safe,dbdfb47e221ddd8c9f45f0ad268d380bd3f8c6fb2155bd8469807d85132a631c,58
cbbv2_514c0d360fd5b2a4b5fe,native_track_B0_uniform_random_random_native_confirmed_s057_b100,B0_uniform_random,random_native_confirmed,57,100,native_track_B0_uniform_random_random_native_confirmed_s057_b100_event_0004,1750.0,1750.0,1760.0,1760.0,175,175,1,0,oracle_confirmed,1.0,10.0,k3_bridge_safe,dbdfb47e221ddd8c9f45f0ad268d380bd3f8c6fb2155bd8469807d85132a631c,58
cbbv2_514c0d360fd5b2a4b5fe,native_track_B0_uniform_random_random_native_confirmed_s057_b100,B0_uniform_random,random_native_confirmed,57,100,native_track_B0_uniform_random_random_native_confirmed_s057_b100_event_0005,2830.0,2830.0,2840.0,2840.0,283,283,1,0,oracle_confirmed,1.0,10.0,k3_bridge_safe,dbdfb47e221ddd8c9f45f0ad268d380bd3f8c6fb2155bd8469807d85132a631c,58
cbbv2_514c0d360fd5b2a4b5fe,native_track_B0_uniform_random_random_native_confirmed_s057_b100,B0_uniform_random,random_native_confirmed,57,100,native_track_B0_uniform_random_random_native_confirmed_s057_b100_event_0006,2960.0,2960.0,2980.0,2980.0,296|297,296|297,2,0,oracle_confirmed,1.0,20.0,k3_bridge_safe,dbdfb47e221ddd8c9f45f0ad268d380bd3f8c6fb2155bd8469807d85132a631c,58
cbbv2_514c0d360fd5b2a4b5fe,native_track_B0_uniform_random_random_native_confirmed_s057_b100,B0_uniform_random,random_native_confirmed,57,100,native_track_B0_uniform_random_random_native_confirmed_s057_b100_event_0000,690.0,690.0,700.0,700.0,69,69,1,0,oracle_confirmed,1.0,10.0,k3_bridge_safe,dbdfb47e221ddd8c9f45f0ad268d380bd3f8c6fb2155bd8469807d85132a631c,59
cbbv2_514c0d360fd5b2a4b5fe,native_track_B0_uniform_random_random_native_confirmed_s057_b100,B0_uniform_random,random_native_confirmed,57,100,native_track_B0_uniform_random_random_native_confirmed_s057_b100_event_0001,750.0,750.0,760.0,760.0,75,75,1,0,oracle_confirmed,1.0,10.0,k3_bridge_safe,dbdfb47e221ddd8c9f45f0ad268d380bd3f8c6fb2155bd8469807d85132a631c,59
cbbv2_514c0d360fd5b2a4b5fe,native_track_B0_uniform_random_random_native_confirmed_s057_b100,B0_uniform_random,random_native_confirmed,57,100,native_track_B0_uniform_random_random_native_confirmed_s057_b100_event_0002,1280.0,1280.0,1300.0,1300.0,128|129,128|129,2,0,oracle_confirmed,1.0,20.0,k3_bridge_safe,dbdfb47e221ddd8c9f45f0ad268d380bd3f8c6fb2155bd8469807d85132a631c,59
cbbv2_514c0d360fd5b2a4b5fe,native_track_B0_uniform_random_random_native_confirmed_s057_b100,B0_uniform_random,random_native_confirmed,57,100,native_track_B0_uniform_random_random_native_confirmed_s057_b100_event_0003,1610.0,1610.0,1620.0,1620.0,161,161,1,0,oracle_confirmed,1.0,10.0,k3_bridge_safe,dbdfb47e221ddd8c9f45f0ad268d380bd3f8c6fb2155bd8469807d85132a631c,59
cbbv2_514c0d360fd5b2a4b5fe,native_track_B0_uniform_random_random_native_confirmed_s057_b100,B0_uniform_random,random_native_confirmed,57,100,native_track_B0_uniform_random_random_native_confirmed_s057_b100_event_0004,1750.0,1750.0,1760.0,1760.0,175,175,1,0,oracle_confirmed,1.0,10.0,k3_bridge_safe,dbdfb47e221ddd8c9f45f0ad268d380bd3f8c6fb2155bd8469807d85132a631c,59
cbbv2_514c0d360fd5b2a4b5fe,native_track_B0_uniform_random_random_native_confirmed_s057_b100,B0_uniform_random,random_native_confirmed,57,100,native_track_B0_uniform_random_random_native_confirmed_s057_b100_event_0005,2830.0,2830.0,2840.0,2840.0,283,283,1,0,oracle_confirmed,1.0,10.0,k3_bridge_safe,dbdfb47e221ddd8c9f45f0ad268d380bd3f8c6fb2155bd8469807d85132a631c,59
cbbv2_514c0d360fd5b2a4b5fe,native_track_B0_uniform_random_random_native_confirmed_s057_b100,B0_uniform_random,random_native_confirmed,57,100,native_track_B0_uniform_random_random_native_confirmed_s057_b100_event_0006,2960.0,2960.0,2980.0,2980.0,296|297,296|297,2,0,oracle_confirmed,1.0,20.0,k3_bridge_safe,dbdfb47e221ddd8c9f45f0ad268d380bd3f8c6fb2155bd8469807d85132a631c,59
cbbv2_514c0d360fd5b2a4b5fe,native_track_B0_uniform_random_random_native_confirmed_s057_b100,B0_uniform_random,random_native_confirmed,57,100,native_track_B0_uniform_random_random_native_confirmed_s057_b100_event_0000,690.0,690.0,700.0,700.0,69,69,1,0,oracle_confirmed,1.0,10.0,k3_bridge_safe,dbdfb47e221ddd8c9f45f0ad268d380bd3f8c6fb2155bd8469807d85132a631c,60
cbbv2_514c0d360fd5b2a4b5fe,native_track_B0_uniform_random_random_native_confirmed_s057_b100,B0_uniform_random,random_native_confirmed,57,100,native_track_B0_uniform_random_random_native_confirmed_s057_b100_event_0001,750.0,750.0,760.0,760.0,75,75,1,0,oracle_confirmed,1.0,10.0,k3_bridge_safe,dbdfb47e221ddd8c9f45f0ad268d380bd3f8c6fb2155bd8469807d85132a631c,60
cbbv2_514c0d360fd5b2a4b5fe,native_track_B0_uniform_random_random_native_confirmed_s057_b100,B0_uniform_random,random_native_confirmed,57,100,native_track_B0_uniform_random_random_native_confirmed_s057_b100_event_0002,1280.0,1280.0,1300.0,1300.0,128|129,128|129,2,0,oracle_confirmed,1.0,20.0,k3_bridge_safe,dbdfb47e221ddd8c9f45f0ad268d380bd3f8c6fb2155bd8469807d85132a631c,60
cbbv2_514c0d360fd5b2a4b5fe,native_track_B0_uniform_random_random_native_confirmed_s057_b100,B0_uniform_random,random_native_confirmed,57,100,native_track_B0_uniform_random_random_native_confirmed_s057_b100_event_0003,1610.0,1610.0,1620.0,1620.0,161,161,1,0,oracle_confirmed,1.0,10.0,k3_bridge_safe,dbdfb47e221ddd8c9f45f0ad268d380bd3f8c6fb2155bd8469807d85132a631c,60
cbbv2_514c0d360fd5b2a4b5fe,native_track_B0_uniform_random_random_native_confirmed_s057_b100,B0_uniform_random,random_native_confirmed,57,100,native_track_B0_uniform_random_random_native_confirmed_s057_b100_event_0004,1750.0,1750.0,1760.0,1760.0,175,175,1,0,oracle_confirmed,1.0,10.0,k3_bridge_safe,dbdfb47e221ddd8c9f45f0ad268d380bd3f8c6fb2155bd8469807d85132a631c,60
cbbv2_514c0d360fd5b2a4b5fe,native_track_B0_uniform_random_random_native_confirmed_s057_b100,B0_uniform_random,random_native_confirmed,57,100,native_track_B0_uniform_random_random_native_confirmed_s057_b100_event_0005,2830.0,2830.0,2840.0,2840.0,283,283,1,0,oracle_confirmed,1.0,10.0,k3_bridge_safe,dbdfb47e221ddd8c9f45f0ad268d380bd3f8c6fb2155bd8469807d85132a631c,60
cbbv2_514c0d360fd5b2a4b5fe,native_track_B0_uniform_random_random_native_confirmed_s057_b100,B0_uniform_random,random_native_confirmed,57,100,native_track_B0_uniform_random_random_native_confirmed_s057_b100_event_0006,2960.0,2960.0,2980.0,2980.0,296|297,296|297,2,0,oracle_confirmed,1.0,20.0,k3_bridge_safe,dbdfb47e221ddd8c9f45f0ad268d380bd3f8c6fb2155bd8469807d85132a631c,60
cbbv2_514c0d360fd5b2a4b5fe,native_track_B0_uniform_random_random_native_confirmed_s057_b100,B0_uniform_random,random_native_confirmed,57,100,native_track_B0_uniform_random_random_native_confirmed_s057_b100_event_0000,690.0,690.0,700.0,700.0,69,69,1,0,oracle_confirmed,1.0,10.0,k3_bridge_safe,dbdfb47e221ddd8c9f45f0ad268d380bd3f8c6fb2155bd8469807d85132a631c,61
cbbv2_514c0d360fd5b2a4b5fe,native_track_B0_uniform_random_random_native_confirmed_s057_b100,B0_uniform_random,random_native_confirmed,57,100,native_track_B0_uniform_random_random_native_confirmed_s057_b100_event_0001,750.0,750.0,760.0,760.0,75,75,1,0,oracle_confirmed,1.0,10.0,k3_bridge_safe,dbdfb47e221ddd8c9f45f0ad268d380bd3f8c6fb2155bd8469807d85132a631c,61
cbbv2_514c0d360fd5b2a4b5fe,native_track_B0_uniform_random_random_native_confirmed_s057_b100,B0_uniform_random,random_native_confirmed,57,100,native_track_B0_uniform_random_random_native_confirmed_s057_b100_event_0002,1280.0,1280.0,1300.0,1300.0,128|129,128|129,2,0,oracle_confirmed,1.0,20.0,k3_bridge_safe,dbdfb47e221ddd8c9f45f0ad268d380bd3f8c6fb2155bd8469807d85132a631c,61
cbbv2_514c0d360fd5b2a4b5fe,native_track_B0_uniform_random_random_native_confirmed_s057_b100,B0_uniform_random,random_native_confirmed,57,100,native_track_B0_uniform_random_random_native_confirmed_s057_b100_event_0003,1610.0,1610.0,1620.0,1620.0,161,161,1,0,oracle_confirmed,1.0,10.0,k3_bridge_safe,dbdfb47e221ddd8c9f45f0ad268d380bd3f8c6fb2155bd8469807d85132a631c,61
cbbv2_514c0d360fd5b2a4b5fe,native_track_B0_uniform_random_random_native_confirmed_s057_b100,B0_uniform_random,random_native_confirmed,57,100,native_track_B0_uniform_random_random_native_confirmed_s057_b100_event_0004,1750.0,1750.0,1760.0,1760.0,175,175,1,0,oracle_confirmed,1.0,10.0,k3_bridge_safe,dbdfb47e221ddd8c9f45f0ad268d380bd3f8c6fb2155bd8469807d85132a631c,61
cbbv2_514c0d360fd5b2a4b5fe,native_track_B0_uniform_random_random_native_confirmed_s057_b100,B0_uniform_random,random_native_confirmed,57,100,native_track_B0_uniform_random_random_native_confirmed_s057_b100_event_0005,2830.0,2830.0,2840.0,2840.0,283,283,1,0,oracle_confirmed,1.0,10.0,k3_bridge_safe,dbdfb47e221ddd8c9f45f0ad268d380bd3f8c6fb2155bd8469807d85132a631c,61
cbbv2_514c0d360fd5b2a4b5fe,native_track_B0_uniform_random_random_native_confirmed_s057_b100,B0_uniform_random,random_native_confirmed,57,100,native_track_B0_uniform_random_random_native_confirmed_s057_b100_event_0006,2960.0,2960.0,2980.0,2980.0,296|297,296|297,2,0,oracle_confirmed,1.0,20.0,k3_bridge_safe,dbdfb47e221ddd8c9f45f0ad268d380bd3f8c6fb2155bd8469807d85132a631c,61
cbbv2_514c0d360fd5b2a4b5fe,native_track_B0_uniform_random_random_native_confirmed_s057_b100,B0_uniform_random,random_native_confirmed,57,100,native_track_B0_uniform_random_random_native_confirmed_s057_b100_event_0000,690.0,690.0,700.0,700.0,69,69,1,0,oracle_confirmed,1.0,10.0,k3_bridge_safe,dbdfb47e221ddd8c9f45f0ad268d380bd3f8c6fb2155bd8469807d85132a631c,62
cbbv2_514c0d360fd5b2a4b5fe,native_track_B0_uniform_random_random_native_confirmed_s057_b100,B0_uniform_random,random_native_confirmed,57,100,native_track_B0_uniform_random_random_native_confirmed_s057_b100_event_0001,750.0,750.0,760.0,760.0,75,75,1,0,oracle_confirmed,1.0,10.0,k3_bridge_safe,dbdfb47e221ddd8c9f45f0ad268d380bd3f8c6fb2155bd8469807d85132a631c,62
cbbv2_514c0d360fd5b2a4b5fe,native_track_B0_uniform_random_random_native_confirmed_s057_b100,B0_uniform_random,random_native_confirmed,57,100,native_track_B0_uniform_random_random_native_confirmed_s057_b100_event_0002,1280.0,1280.0,1300.0,1300.0,128|129,128|129,2,0,oracle_confirmed,1.0,20.0,k3_bridge_safe,dbdfb47e221ddd8c9f45f0ad268d380bd3f8c6fb2155bd8469807d85132a631c,62
cbbv2_514c0d360fd5b2a4b5fe,native_track_B0_uniform_random_random_native_confirmed_s057_b100,B0_uniform_random,random_native_confirmed,57,100,native_track_B0_uniform_random_random_native_confirmed_s057_b100_event_0003,1610.0,1610.0,1620.0,1620.0,161,161,1,0,oracle_confirmed,1.0,10.0,k3_bridge_safe,dbdfb47e221ddd8c9f45f0ad268d380bd3f8c6fb2155bd8469807d85132a631c,62
cbbv2_514c0d360fd5b2a4b5fe,native_track_B0_uniform_random_random_native_confirmed_s057_b100,B0_uniform_random,random_native_confirmed,57,100,native_track_B0_uniform_random_random_native_confirmed_s057_b100_event_0004,1750.0,1750.0,1760.0,1760.0,175,175,1,0,oracle_confirmed,1.0,10.0,k3_bridge_safe,dbdfb47e221ddd8c9f45f0ad268d380bd3f8c6fb2155bd8469807d85132a631c,62
cbbv2_514c0d360fd5b2a4b5fe,native_track_B0_uniform_random_random_native_confirmed_s057_b100,B0_uniform_random,random_native_confirmed,57,100,native_track_B0_uniform_random_random_native_confirmed_s057_b100_event_0005,2830.0,2830.0,2840.0,2840.0,283,283,1,0,oracle_confirmed,1.0,10.0,k3_bridge_safe,dbdfb47e221ddd8c9f45f0ad268d380bd3f8c6fb2155bd8469807d85132a631c,62
cbbv2_514c0d360fd5b2a4b5fe,native_track_B0_uniform_random_random_native_confirmed_s057_b100,B0_uniform_random,random_native_confirmed,57,100,native_track_B0_uniform_random_random_native_confirmed_s057_b100_event_0006,2960.0,2960.0,2980.0,2980.0,296|297,296|297,2,0,oracle_confirmed,1.0,20.0,k3_bridge_safe,dbdfb47e221ddd8c9f45f0ad268d380bd3f8c6fb2155bd8469807d85132a631c,62
cbbv2_514c0d360fd5b2a4b5fe,native_track_B0_uniform_random_random_native_confirmed_s057_b100,B0_uniform_random,random_native_confirmed,57,100,native_track_B0_uniform_random_random_native_confirmed_s057_b100_event_0000,690.0,690.0,700.0,700.0,69,69,1,0,oracle_confirmed,1.0,10.0,k3_bridge_safe,dbdfb47e221ddd8c9f45f0ad268d380bd3f8c6fb2155bd8469807d85132a631c,63
cbbv2_514c0d360fd5b2a4b5fe,native_track_B0_uniform_random_random_native_confirmed_s057_b100,B0_uniform_random,random_native_confirmed,57,100,native_track_B0_uniform_random_random_native_confirmed_s057_b100_event_0001,750.0,750.0,760.0,760.0,75,75,1,0,oracle_confirmed,1.0,10.0,k3_bridge_safe,dbdfb47e221ddd8c9f45f0ad268d380bd3f8c6fb2155bd8469807d85132a631c,63
cbbv2_514c0d360fd5b2a4b5fe,native_track_B0_uniform_random_random_native_confirmed_s057_b100,B0_uniform_random,random_native_confirmed,57,100,native_track_B0_uniform_random_random_native_confirmed_s057_b100_event_0002,1280.0,1280.0,1300.0,1300.0,128|129,128|129,2,0,oracle_confirmed,1.0,20.0,k3_bridge_safe,dbdfb47e221ddd8c9f45f0ad268d380bd3f8c6fb2155bd8469807d85132a631c,63
cbbv2_514c0d360fd5b2a4b5fe,native_track_B0_uniform_random_random_native_confirmed_s057_b100,B0_uniform_random,random_native_confirmed,57,100,native_track_B0_uniform_random_random_native_confirmed_s057_b100_event_0003,1610.0,1610.0,1620.0,1620.0,161,161,1,0,oracle_confirmed,1.0,10.0,k3_bridge_safe,dbdfb47e221ddd8c9f45f0ad268d380bd3f8c6fb2155bd8469807d85132a631c,63
cbbv2_514c0d360fd5b2a4b5fe,native_track_B0_uniform_random_random_native_confirmed_s057_b100,B0_uniform_random,random_native_confirmed,57,100,native_track_B0_uniform_random_random_native_confirmed_s057_b100_event_0004,1750.0,1750.0,1760.0,1760.0,175,175,1,0,oracle_confirmed,1.0,10.0,k3_bridge_safe,dbdfb47e221ddd8c9f45f0ad268d380bd3f8c6fb2155bd8469807d85132a631c,63
cbbv2_514c0d360fd5b2a4b5fe,native_track_B0_uniform_random_random_native_confirmed_s057_b100,B0_uniform_random,random_native_confirmed,57,100,native_track_B0_uniform_random_random_native_confirmed_s057_b100_event_0005,2830.0,2830.0,2840.0,2840.0,283,283,1,0,oracle_confirmed,1.0,10.0,k3_bridge_safe,dbdfb47e221ddd8c9f45f0ad268d380bd3f8c6fb2155bd8469807d85132a631c,63
cbbv2_514c0d360fd5b2a4b5fe,native_track_B0_uniform_random_random_native_confirmed_s057_b100,B0_uniform_random,random_native_confirmed,57,100,native_track_B0_uniform_random_random_native_confirmed_s057_b100_event_0006,2960.0,2960.0,2980.0,2980.0,296|297,296|297,2,0,oracle_confirmed,1.0,20.0,k3_bridge_safe,dbdfb47e221ddd8c9f45f0ad268d380bd3f8c6fb2155bd8469807d85132a631c,63
cbbv2_514c0d360fd5b2a4b5fe,native_track_B0_uniform_random_random_native_confirmed_s057_b100,B0_uniform_random,random_native_confirmed,57,100,native_track_B0_uniform_random_random_native_confirmed_s057_b100_event_0000,690.0,690.0,700.0,700.0,69,69,1,0,oracle_confirmed,1.0,10.0,k3_bridge_safe,dbdfb47e221ddd8c9f45f0ad268d380bd3f8c6fb2155bd8469807d85132a631c,64
cbbv2_514c0d360fd5b2a4b5fe,native_track_B0_uniform_random_random_native_confirmed_s057_b100,B0_uniform_random,random_native_confirmed,57,100,native_track_B0_uniform_random_random_native_confirmed_s057_b100_event_0001,750.0,750.0,760.0,760.0,75,75,1,0,oracle_confirmed,1.0,10.0,k3_bridge_safe,dbdfb47e221ddd8c9f45f0ad268d380bd3f8c6fb2155bd8469807d85132a631c,64
cbbv2_514c0d360fd5b2a4b5fe,native_track_B0_uniform_random_random_native_confirmed_s057_b100,B0_uniform_random,random_native_confirmed,57,100,native_track_B0_uniform_random_random_native_confirmed_s057_b100_event_0002,1280.0,1280.0,1300.0,1300.0,128|129,128|129,2,0,oracle_confirmed,1.0,20.0,k3_bridge_safe,dbdfb47e221ddd8c9f45f0ad268d380bd3f8c6fb2155bd8469807d85132a631c,64
cbbv2_514c0d360fd5b2a4b5fe,native_track_B0_uniform_random_random_native_confirmed_s057_b100,B0_uniform_random,random_native_confirmed,57,100,native_track_B0_uniform_random_random_native_confirmed_s057_b100_event_0003,1610.0,1610.0,1620.0,1620.0,161,161,1,0,oracle_confirmed,1.0,10.0,k3_bridge_safe,dbdfb47e221ddd8c9f45f0ad268d380bd3f8c6fb2155bd8469807d85132a631c,64
cbbv2_514c0d360fd5b2a4b5fe,native_track_B0_uniform_random_random_native_confirmed_s057_b100,B0_uniform_random,random_native_confirmed,57,100,native_track_B0_uniform_random_random_native_confirmed_s057_b100_event_0004,1750.0,1750.0,1760.0,1760.0,175,175,1,0,oracle_confirmed,1.0,10.0,k3_bridge_safe,dbdfb47e221ddd8c9f45f0ad268d380bd3f8c6fb2155bd8469807d85132a631c,64
cbbv2_514c0d360fd5b2a4b5fe,native_track_B0_uniform_random_random_native_confirmed_s057_b100,B0_uniform_random,random_native_confirmed,57,100,native_track_B0_uniform_random_random_native_confirmed_s057_b100_event_0005,2830.0,2830.0,2840.0,2840.0,283,283,1,0,oracle_confirmed,1.0,10.0,k3_bridge_safe,dbdfb47e221ddd8c9f45f0ad268d380bd3f8c6fb2155bd8469807d85132a631c,64
cbbv2_514c0d360fd5b2a4b5fe,native_track_B0_uniform_random_random_native_confirmed_s057_b100,B0_uniform_random,random_native_confirmed,57,100,native_track_B0_uniform_random_random_native_confirmed_s057_b100_event_0006,2960.0,2960.0,2980.0,2980.0,296|297,296|297,2,0,oracle_confirmed,1.0,20.0,k3_bridge_safe,dbdfb47e221ddd8c9f45f0ad268d380bd3f8c6fb2155bd8469807d85132a631c,64
cbbv2_514c0d360fd5b2a4b5fe,native_track_B0_uniform_random_random_native_confirmed_s057_b100,B0_uniform_random,random_native_confirmed,57,100,native_track_B0_uniform_random_random_native_confirmed_s057_b100_event_0000,690.0,690.0,700.0,700.0,69,69,1,0,oracle_confirmed,1.0,10.0,k3_bridge_safe,dbdfb47e221ddd8c9f45f0ad268d380bd3f8c6fb2155bd8469807d85132a631c,65
cbbv2_514c0d360fd5b2a4b5fe,native_track_B0_uniform_random_random_native_confirmed_s057_b100,B0_uniform_random,random_native_confirmed,57,100,native_track_B0_uniform_random_random_native_confirmed_s057_b100_event_0001,750.0,750.0,760.0,760.0,75,75,1,0,oracle_confirmed,1.0,10.0,k3_bridge_safe,dbdfb47e221ddd8c9f45f0ad268d380bd3f8c6fb2155bd8469807d85132a631c,65
cbbv2_514c0d360fd5b2a4b5fe,native_track_B0_uniform_random_random_native_confirmed_s057_b100,B0_uniform_random,random_native_confirmed,57,100,native_track_B0_uniform_random_random_native_confirmed_s057_b100_event_0002,1280.0,1280.0,1300.0,1300.0,128|129,128|129,2,0,oracle_confirmed,1.0,20.0,k3_bridge_safe,dbdfb47e221ddd8c9f45f0ad268d380bd3f8c6fb2155bd8469807d85132a631c,65
cbbv2_514c0d360fd5b2a4b5fe,native_track_B0_uniform_random_random_native_confirmed_s057_b100,B0_uniform_random,random_native_confirmed,57,100,native_track_B0_uniform_random_random_native_confirmed_s057_b100_event_0003,1610.0,1610.0,1620.0,1620.0,161,161,1,0,oracle_confirmed,1.0,10.0,k3_bridge_safe,dbdfb47e221ddd8c9f45f0ad268d380bd3f8c6fb2155bd8469807d85132a631c,65
cbbv2_514c0d360fd5b2a4b5fe,native_track_B0_uniform_random_random_native_confirmed_s057_b100,B0_uniform_random,random_native_confirmed,57,100,native_track_B0_uniform_random_random_native_confirmed_s057_b100_event_0004,1750.0,1750.0,1760.0,1760.0,175,175,1,0,oracle_confirmed,1.0,10.0,k3_bridge_safe,dbdfb47e221ddd8c9f45f0ad268d380bd3f8c6fb2155bd8469807d85132a631c,65
cbbv2_514c0d360fd5b2a4b5fe,native_track_B0_uniform_random_random_native_confirmed_s057_b100,B0_uniform_random,random_native_confirmed,57,100,native_track_B0_uniform_random_random_native_confirmed_s057_b100_event_0005,2830.0,2830.0,2840.0,2840.0,283,283,1,0,oracle_confirmed,1.0,10.0,k3_bridge_safe,dbdfb47e221ddd8c9f45f0ad268d380bd3f8c6fb2155bd8469807d85132a631c,65
cbbv2_514c0d360fd5b2a4b5fe,native_track_B0_uniform_random_random_native_confirmed_s057_b100,B0_uniform_random,random_native_confirmed,57,100,native_track_B0_uniform_random_random_native_confirmed_s057_b100_event_0006,2960.0,2960.0,2980.0,2980.0,296|297,296|297,2,0,oracle_confirmed,1.0,20.0,k3_bridge_safe,dbdfb47e221ddd8c9f45f0ad268d380bd3f8c6fb2155bd8469807d85132a631c,65
cbbv2_514c0d360fd5b2a4b5fe,native_track_B0_uniform_random_random_native_confirmed_s057_b100,B0_uniform_random,random_native_confirmed,57,100,native_track_B0_uniform_random_random_native_confirmed_s057_b100_event_0000,690.0,690.0,700.0,700.0,69,69,1,0,oracle_confirmed,1.0,10.0,k3_bridge_safe,dbdfb47e221ddd8c9f45f0ad268d380bd3f8c6fb2155bd8469807d85132a631c,66
cbbv2_514c0d360fd5b2a4b5fe,native_track_B0_uniform_random_random_native_confirmed_s057_b100,B0_uniform_random,random_native_confirmed,57,100,native_track_B0_uniform_random_random_native_confirmed_s057_b100_event_0001,750.0,750.0,760.0,760.0,75,75,1,0,oracle_confirmed,1.0,10.0,k3_bridge_safe,dbdfb47e221ddd8c9f45f0ad268d380bd3f8c6fb2155bd8469807d85132a631c,66
cbbv2_514c0d360fd5b2a4b5fe,native_track_B0_uniform_random_random_native_confirmed_s057_b100,B0_uniform_random,random_native_confirmed,57,100,native_track_B0_uniform_random_random_native_confirmed_s057_b100_event_0002,1280.0,1280.0,1300.0,1300.0,128|129,128|129,2,0,oracle_confirmed,1.0,20.0,k3_bridge_safe,dbdfb47e221ddd8c9f45f0ad268d380bd3f8c6fb2155bd8469807d85132a631c,66
cbbv2_514c0d360fd5b2a4b5fe,native_track_B0_uniform_random_random_native_confirmed_s057_b100,B0_uniform_random,random_native_confirmed,57,100,native_track_B0_uniform_random_random_native_confirmed_s057_b100_event_0003,1610.0,1610.0,1620.0,1620.0,161,161,1,0,oracle_confirmed,1.0,10.0,k3_bridge_safe,dbdfb47e221ddd8c9f45f0ad268d380bd3f8c6fb2155bd8469807d85132a631c,66
cbbv2_514c0d360fd5b2a4b5fe,native_track_B0_uniform_random_random_native_confirmed_s057_b100,B0_uniform_random,random_native_confirmed,57,100,native_track_B0_uniform_random_random_native_confirmed_s057_b100_event_0004,1750.0,1750.0,1760.0,1760.0,175,175,1,0,oracle_confirmed,1.0,10.0,k3_bridge_safe,dbdfb47e221ddd8c9f45f0ad268d380bd3f8c6fb2155bd8469807d85132a631c,66
cbbv2_514c0d360fd5b2a4b5fe,native_track_B0_uniform_random_random_native_confirmed_s057_b100,B0_uniform_random,random_native_confirmed,57,100,native_track_B0_uniform_random_random_native_confirmed_s057_b100_event_0005,2830.0,2830.0,2840.0,2840.0,283,283,1,0,oracle_confirmed,1.0,10.0,k3_bridge_safe,dbdfb47e221ddd8c9f45f0ad268d380bd3f8c6fb2155bd8469807d85132a631c,66
cbbv2_514c0d360fd5b2a4b5fe,native_track_B0_uniform_random_random_native_confirmed_s057_b100,B0_uniform_random,random_native_confirmed,57,100,native_track_B0_uniform_random_random_native_confirmed_s057_b100_event_0006,2960.0,2960.0,2980.0,2980.0,296|297,296|297,2,0,oracle_confirmed,1.0,20.0,k3_bridge_safe,dbdfb47e221ddd8c9f45f0ad268d380bd3f8c6fb2155bd8469807d85132a631c,66
cbbv2_514c0d360fd5b2a4b5fe,native_track_B0_uniform_random_random_native_confirmed_s057_b100,B0_uniform_random,random_native_confirmed,57,100,native_track_B0_uniform_random_random_native_confirmed_s057_b100_event_0000,690.0,690.0,700.0,700.0,69,69,1,0,oracle_confirmed,1.0,10.0,k3_bridge_safe,dbdfb47e221ddd8c9f45f0ad268d380bd3f8c6fb2155bd8469807d85132a631c,67
cbbv2_514c0d360fd5b2a4b5fe,native_track_B0_uniform_random_random_native_confirmed_s057_b100,B0_uniform_random,random_native_confirmed,57,100,native_track_B0_uniform_random_random_native_confirmed_s057_b100_event_0001,750.0,750.0,760.0,760.0,75,75,1,0,oracle_confirmed,1.0,10.0,k3_bridge_safe,dbdfb47e221ddd8c9f45f0ad268d380bd3f8c6fb2155bd8469807d85132a631c,67
cbbv2_514c0d360fd5b2a4b5fe,native_track_B0_uniform_random_random_native_confirmed_s057_b100,B0_uniform_random,random_native_confirmed,57,100,native_track_B0_uniform_random_random_native_confirmed_s057_b100_event_0002,1280.0,1280.0,1300.0,1300.0,128|129,128|129,2,0,oracle_confirmed,1.0,20.0,k3_bridge_safe,dbdfb47e221ddd8c9f45f0ad268d380bd3f8c6fb2155bd8469807d85132a631c,67
cbbv2_514c0d360fd5b2a4b5fe,native_track_B0_uniform_random_random_native_confirmed_s057_b100,B0_uniform_random,random_native_confirmed,57,100,native_track_B0_uniform_random_random_native_confirmed_s057_b100_event_0003,1610.0,1610.0,1620.0,1620.0,161,161,1,0,oracle_confirmed,1.0,10.0,k3_bridge_safe,dbdfb47e221ddd8c9f45f0ad268d380bd3f8c6fb2155bd8469807d85132a631c,67
cbbv2_514c0d360fd5b2a4b5fe,native_track_B0_uniform_random_random_native_confirmed_s057_b100,B0_uniform_random,random_native_confirmed,57,100,native_track_B0_uniform_random_random_native_confirmed_s057_b100_event_0004,1750.0,1750.0,1760.0,1760.0,175,175,1,0,oracle_confirmed,1.0,10.0,k3_bridge_safe,dbdfb47e221ddd8c9f45f0ad268d380bd3f8c6fb2155bd8469807d85132a631c,67
cbbv2_514c0d360fd5b2a4b5fe,native_track_B0_uniform_random_random_native_confirmed_s057_b100,B0_uniform_random,random_native_confirmed,57,100,native_track_B0_uniform_random_random_native_confirmed_s057_b100_event_0005,2830.0,2830.0,2840.0,2840.0,283,283,1,0,oracle_confirmed,1.0,10.0,k3_bridge_safe,dbdfb47e221ddd8c9f45f0ad268d380bd3f8c6fb2155bd8469807d85132a631c,67
cbbv2_514c0d360fd5b2a4b5fe,native_track_B0_uniform_random_random_native_confirmed_s057_b100,B0_uniform_random,random_native_confirmed,57,100,native_track_B0_uniform_random_random_native_confirmed_s057_b100_event_0006,2960.0,2960.0,2980.0,2980.0,296|297,296|297,2,0,oracle_confirmed,1.0,20.0,k3_bridge_safe,dbdfb47e221ddd8c9f45f0ad268d380bd3f8c6fb2155bd8469807d85132a631c,67
cbbv2_514c0d360fd5b2a4b5fe,native_track_B0_uniform_random_random_native_confirmed_s057_b100,B0_uniform_random,random_native_confirmed,57,100,native_track_B0_uniform_random_random_native_confirmed_s057_b100_event_0000,690.0,690.0,700.0,700.0,69,69,1,0,oracle_confirmed,1.0,10.0,k3_bridge_safe,dbdfb47e221ddd8c9f45f0ad268d380bd3f8c6fb2155bd8469807d85132a631c,68
cbbv2_514c0d360fd5b2a4b5fe,native_track_B0_uniform_random_random_native_confirmed_s057_b100,B0_uniform_random,random_native_confirmed,57,100,native_track_B0_uniform_random_random_native_confirmed_s057_b100_event_0001,750.0,750.0,760.0,760.0,75,75,1,0,oracle_confirmed,1.0,10.0,k3_bridge_safe,dbdfb47e221ddd8c9f45f0ad268d380bd3f8c6fb2155bd8469807d85132a631c,68
cbbv2_514c0d360fd5b2a4b5fe,native_track_B0_uniform_random_random_native_confirmed_s057_b100,B0_uniform_random,random_native_confirmed,57,100,native_track_B0_uniform_random_random_native_confirmed_s057_b100_event_0002,1280.0,1280.0,1300.0,1300.0,128|129,128|129,2,0,oracle_confirmed,1.0,20.0,k3_bridge_safe,dbdfb47e221ddd8c9f45f0ad268d380bd3f8c6fb2155bd8469807d85132a631c,68
cbbv2_514c0d360fd5b2a4b5fe,native_track_B0_uniform_random_random_native_confirmed_s057_b100,B0_uniform_random,random_native_confirmed,57,100,native_track_B0_uniform_random_random_native_confirmed_s057_b100_event_0003,1610.0,1610.0,1620.0,1620.0,161,161,1,0,oracle_confirmed,1.0,10.0,k3_bridge_safe,dbdfb47e221ddd8c9f45f0ad268d380bd3f8c6fb2155bd8469807d85132a631c,68
cbbv2_514c0d360fd5b2a4b5fe,native_track_B0_uniform_random_random_native_confirmed_s057_b100,B0_uniform_random,random_native_confirmed,57,100,native_track_B0_uniform_random_random_native_confirmed_s057_b100_event_0004,1750.0,1750.0,1760.0,1760.0,175,175,1,0,oracle_confirmed,1.0,10.0,k3_bridge_safe,dbdfb47e221ddd8c9f45f0ad268d380bd3f8c6fb2155bd8469807d85132a631c,68
cbbv2_514c0d360fd5b2a4b5fe,native_track_B0_uniform_random_random_native_confirmed_s057_b100,B0_uniform_random,random_native_confirmed,57,100,native_track_B0_uniform_random_random_native_confirmed_s057_b100_event_0005,2830.0,2830.0,2840.0,2840.0,283,283,1,0,oracle_confirmed,1.0,10.0,k3_bridge_safe,dbdfb47e221ddd8c9f45f0ad268d380bd3f8c6fb2155bd8469807d85132a631c,68
cbbv2_514c0d360fd5b2a4b5fe,native_track_B0_uniform_random_random_native_confirmed_s057_b100,B0_uniform_random,random_native_confirmed,57,100,native_track_B0_uniform_random_random_native_confirmed_s057_b100_event_0006,2960.0,2960.0,2980.0,2980.0,296|297,296|297,2,0,oracle_confirmed,1.0,20.0,k3_bridge_safe,dbdfb47e221ddd8c9f45f0ad268d380bd3f8c6fb2155bd8469807d85132a631c,68
cbbv2_514c0d360fd5b2a4b5fe,native_track_B0_uniform_random_random_native_confirmed_s057_b100,B0_uniform_random,random_native_confirmed,57,100,native_track_B0_uniform_random_random_native_confirmed_s057_b100_event_0000,690.0,690.0,700.0,700.0,69,69,1,0,oracle_confirmed,1.0,10.0,k3_bridge_safe,dbdfb47e221ddd8c9f45f0ad268d380bd3f8c6fb2155bd8469807d85132a631c,69
cbbv2_514c0d360fd5b2a4b5fe,native_track_B0_uniform_random_random_native_confirmed_s057_b100,B0_uniform_random,random_native_confirmed,57,100,native_track_B0_uniform_random_random_native_confirmed_s057_b100_event_0001,750.0,750.0,760.0,760.0,75,75,1,0,oracle_confirmed,1.0,10.0,k3_bridge_safe,dbdfb47e221ddd8c9f45f0ad268d380bd3f8c6fb2155bd8469807d85132a631c,69
cbbv2_514c0d360fd5b2a4b5fe,native_track_B0_uniform_random_random_native_confirmed_s057_b100,B0_uniform_random,random_native_confirmed,57,100,native_track_B0_uniform_random_random_native_confirmed_s057_b100_event_0002,1280.0,1280.0,1300.0,1300.0,128|129,128|129,2,0,oracle_confirmed,1.0,20.0,k3_bridge_safe,dbdfb47e221ddd8c9f45f0ad268d380bd3f8c6fb2155bd8469807d85132a631c,69
cbbv2_514c0d360fd5b2a4b5fe,native_track_B0_uniform_random_random_native_confirmed_s057_b100,B0_uniform_random,random_native_confirmed,57,100,native_track_B0_uniform_random_random_native_confirmed_s057_b100_event_0003,1610.0,1610.0,1620.0,1620.0,161,161,1,0,oracle_confirmed,1.0,10.0,k3_bridge_safe,dbdfb47e221ddd8c9f45f0ad268d380bd3f8c6fb2155bd8469807d85132a631c,69
cbbv2_514c0d360fd5b2a4b5fe,native_track_B0_uniform_random_random_native_confirmed_s057_b100,B0_uniform_random,random_native_confirmed,57,100,native_track_B0_uniform_random_random_native_confirmed_s057_b100_event_0004,1750.0,1750.0,1760.0,1760.0,175,175,1,0,oracle_confirmed,1.0,10.0,k3_bridge_safe,dbdfb47e221ddd8c9f45f0ad268d380bd3f8c6fb2155bd8469807d85132a631c,69
cbbv2_514c0d360fd5b2a4b5fe,native_track_B0_uniform_random_random_native_confirmed_s057_b100,B0_uniform_random,random_native_confirmed,57,100,native_track_B0_uniform_random_random_native_confirmed_s057_b100_event_0005,2830.0,2830.0,2840.0,2840.0,283,283,1,0,oracle_confirmed,1.0,10.0,k3_bridge_safe,dbdfb47e221ddd8c9f45f0ad268d380bd3f8c6fb2155bd8469807d85132a631c,69
cbbv2_514c0d360fd5b2a4b5fe,native_track_B0_uniform_random_random_native_confirmed_s057_b100,B0_uniform_random,random_native_confirmed,57,100,native_track_B0_uniform_random_random_native_confirmed_s057_b100_event_0006,2960.0,2960.0,2980.0,2980.0,296|297,296|297,2,0,oracle_confirmed,1.0,20.0,k3_bridge_safe,dbdfb47e221ddd8c9f45f0ad268d380bd3f8c6fb2155bd8469807d85132a631c,69
cbbv2_514c0d360fd5b2a4b5fe,native_track_B0_uniform_random_random_native_confirmed_s057_b100,B0_uniform_random,random_native_confirmed,57,100,native_track_B0_uniform_random_random_native_confirmed_s057_b100_event_0000,690.0,690.0,700.0,700.0,69,69,1,0,oracle_confirmed,1.0,10.0,k3_bridge_safe,dbdfb47e221ddd8c9f45f0ad268d380bd3f8c6fb2155bd8469807d85132a631c,70
cbbv2_514c0d360fd5b2a4b5fe,native_track_B0_uniform_random_random_native_confirmed_s057_b100,B0_uniform_random,random_native_confirmed,57,100,native_track_B0_uniform_random_random_native_confirmed_s057_b100_event_0001,750.0,750.0,760.0,760.0,75,75,1,0,oracle_confirmed,1.0,10.0,k3_bridge_safe,dbdfb47e221ddd8c9f45f0ad268d380bd3f8c6fb2155bd8469807d85132a631c,70
cbbv2_514c0d360fd5b2a4b5fe,native_track_B0_uniform_random_random_native_confirmed_s057_b100,B0_uniform_random,random_native_confirmed,57,100,native_track_B0_uniform_random_random_native_confirmed_s057_b100_event_0002,1280.0,1280.0,1300.0,1300.0,128|129,128|129,2,0,oracle_confirmed,1.0,20.0,k3_bridge_safe,dbdfb47e221ddd8c9f45f0ad268d380bd3f8c6fb2155bd8469807d85132a631c,70
cbbv2_514c0d360fd5b2a4b5fe,native_track_B0_uniform_random_random_native_confirmed_s057_b100,B0_uniform_random,random_native_confirmed,57,100,native_track_B0_uniform_random_random_native_confirmed_s057_b100_event_0003,1610.0,1610.0,1620.0,1620.0,161,161,1,0,oracle_confirmed,1.0,10.0,k3_bridge_safe,dbdfb47e221ddd8c9f45f0ad268d380bd3f8c6fb2155bd8469807d85132a631c,70
cbbv2_514c0d360fd5b2a4b5fe,native_track_B0_uniform_random_random_native_confirmed_s057_b100,B0_uniform_random,random_native_confirmed,57,100,native_track_B0_uniform_random_random_native_confirmed_s057_b100_event_0004,1750.0,1750.0,1760.0,1760.0,175,175,1,0,oracle_confirmed,1.0,10.0,k3_bridge_safe,dbdfb47e221ddd8c9f45f0ad268d380bd3f8c6fb2155bd8469807d85132a631c,70
cbbv2_514c0d360fd5b2a4b5fe,native_track_B0_uniform_random_random_native_confirmed_s057_b100,B0_uniform_random,random_native_confirmed,57,100,native_track_B0_uniform_random_random_native_confirmed_s057_b100_event_0005,2830.0,2830.0,2840.0,2840.0,283,283,1,0,oracle_confirmed,1.0,10.0,k3_bridge_safe,dbdfb47e221ddd8c9f45f0ad268d380bd3f8c6fb2155bd8469807d85132a631c,70
cbbv2_514c0d360fd5b2a4b5fe,native_track_B0_uniform_random_random_native_confirmed_s057_b100,B0_uniform_random,random_native_confirmed,57,100,native_track_B0_uniform_random_random_native_confirmed_s057_b100_event_0006,2960.0,2960.0,2980.0,2980.0,296|297,296|297,2,0,oracle_confirmed,1.0,20.0,k3_bridge_safe,dbdfb47e221ddd8c9f45f0ad268d380bd3f8c6fb2155bd8469807d85132a631c,70
cbbv2_514c0d360fd5b2a4b5fe,native_track_B0_uniform_random_random_native_confirmed_s057_b100,B0_uniform_random,random_native_confirmed,57,100,native_track_B0_uniform_random_random_native_confirmed_s057_b100_event_0000,690.0,690.0,700.0,700.0,69,69,1,0,oracle_confirmed,1.0,10.0,k3_bridge_safe,dbdfb47e221ddd8c9f45f0ad268d380bd3f8c6fb2155bd8469807d85132a631c,71
cbbv2_514c0d360fd5b2a4b5fe,native_track_B0_uniform_random_random_native_confirmed_s057_b100,B0_uniform_random,random_native_confirmed,57,100,native_track_B0_uniform_random_random_native_confirmed_s057_b100_event_0001,750.0,750.0,760.0,760.0,75,75,1,0,oracle_confirmed,1.0,10.0,k3_bridge_safe,dbdfb47e221ddd8c9f45f0ad268d380bd3f8c6fb2155bd8469807d85132a631c,71
cbbv2_514c0d360fd5b2a4b5fe,native_track_B0_uniform_random_random_native_confirmed_s057_b100,B0_uniform_random,random_native_confirmed,57,100,native_track_B0_uniform_random_random_native_confirmed_s057_b100_event_0002,830.0,830.0,840.0,840.0,83,83,1,0,oracle_confirmed,1.0,10.0,k3_bridge_safe,dbdfb47e221ddd8c9f45f0ad268d380bd3f8c6fb2155bd8469807d85132a631c,71
cbbv2_514c0d360fd5b2a4b5fe,native_track_B0_uniform_random_random_native_confirmed_s057_b100,B0_uniform_random,random_native_confirmed,57,100,native_track_B0_uniform_random_random_native_confirmed_s057_b100_event_0003,1280.0,1280.0,1300.0,1300.0,128|129,128|129,2,0,oracle_confirmed,1.0,20.0,k3_bridge_safe,dbdfb47e221ddd8c9f45f0ad268d380bd3f8c6fb2155bd8469807d85132a631c,71
cbbv2_514c0d360fd5b2a4b5fe,native_track_B0_uniform_random_random_native_confirmed_s057_b100,B0_uniform_random,random_native_confirmed,57,100,native_track_B0_uniform_random_random_native_confirmed_s057_b100_event_0004,1610.0,1610.0,1620.0,1620.0,161,161,1,0,oracle_confirmed,1.0,10.0,k3_bridge_safe,dbdfb47e221ddd8c9f45f0ad268d380bd3f8c6fb2155bd8469807d85132a631c,71
cbbv2_514c0d360fd5b2a4b5fe,native_track_B0_uniform_random_random_native_confirmed_s057_b100,B0_uniform_random,random_native_confirmed,57,100,native_track_B0_uniform_random_random_native_confirmed_s057_b100_event_0005,1750.0,1750.0,1760.0,1760.0,175,175,1,0,oracle_confirmed,1.0,10.0,k3_bridge_safe,dbdfb47e221ddd8c9f45f0ad268d380bd3f8c6fb2155bd8469807d85132a631c,71
cbbv2_514c0d360fd5b2a4b5fe,native_track_B0_uniform_random_random_native_confirmed_s057_b100,B0_uniform_random,random_native_confirmed,57,100,native_track_B0_uniform_random_random_native_confirmed_s057_b100_event_0006,2830.0,2830.0,2840.0,2840.0,283,283,1,0,oracle_confirmed,1.0,10.0,k3_bridge_safe,dbdfb47e221ddd8c9f45f0ad268d380bd3f8c6fb2155bd8469807d85132a631c,71
cbbv2_514c0d360fd5b2a4b5fe,native_track_B0_uniform_random_random_native_confirmed_s057_b100,B0_uniform_random,random_native_confirmed,57,100,native_track_B0_uniform_random_random_native_confirmed_s057_b100_event_0007,2960.0,2960.0,2980.0,2980.0,296|297,296|297,2,0,oracle_confirmed,1.0,20.0,k3_bridge_safe,dbdfb47e221ddd8c9f45f0ad268d380bd3f8c6fb2155bd8469807d85132a631c,71
cbbv2_514c0d360fd5b2a4b5fe,native_track_B0_uniform_random_random_native_confirmed_s057_b100,B0_uniform_random,random_native_confirmed,57,100,native_track_B0_uniform_random_random_native_confirmed_s057_b100_event_0000,690.0,690.0,700.0,700.0,69,69,1,0,oracle_confirmed,1.0,10.0,k3_bridge_safe,dbdfb47e221ddd8c9f45f0ad268d380bd3f8c6fb2155bd8469807d85132a631c,72
cbbv2_514c0d360fd5b2a4b5fe,native_track_B0_uniform_random_random_native_confirmed_s057_b100,B0_uniform_random,random_native_confirmed,57,100,native_track_B0_uniform_random_random_native_confirmed_s057_b100_event_0001,750.0,750.0,760.0,760.0,75,75,1,0,oracle_confirmed,1.0,10.0,k3_bridge_safe,dbdfb47e221ddd8c9f45f0ad268d380bd3f8c6fb2155bd8469807d85132a631c,72
cbbv2_514c0d360fd5b2a4b5fe,native_track_B0_uniform_random_random_native_confirmed_s057_b100,B0_uniform_random,random_native_confirmed,57,100,native_track_B0_uniform_random_random_native_confirmed_s057_b100_event_0002,830.0,830.0,840.0,840.0,83,83,1,0,oracle_confirmed,1.0,10.0,k3_bridge_safe,dbdfb47e221ddd8c9f45f0ad268d380bd3f8c6fb2155bd8469807d85132a631c,72
cbbv2_514c0d360fd5b2a4b5fe,native_track_B0_uniform_random_random_native_confirmed_s057_b100,B0_uniform_random,random_native_confirmed,57,100,native_track_B0_uniform_random_random_native_confirmed_s057_b100_event_0003,1280.0,1280.0,1300.0,1300.0,128|129,128|129,2,0,oracle_confirmed,1.0,20.0,k3_bridge_safe,dbdfb47e221ddd8c9f45f0ad268d380bd3f8c6fb2155bd8469807d85132a631c,72
cbbv2_514c0d360fd5b2a4b5fe,native_track_B0_uniform_random_random_native_confirmed_s057_b100,B0_uniform_random,random_native_confirmed,57,100,native_track_B0_uniform_random_random_native_confirmed_s057_b100_event_0004,1610.0,1610.0,1620.0,1620.0,161,161,1,0,oracle_confirmed,1.0,10.0,k3_bridge_safe,dbdfb47e221ddd8c9f45f0ad268d380bd3f8c6fb2155bd8469807d85132a631c,72
cbbv2_514c0d360fd5b2a4b5fe,native_track_B0_uniform_random_random_native_confirmed_s057_b100,B0_uniform_random,random_native_confirmed,57,100,native_track_B0_uniform_random_random_native_confirmed_s057_b100_event_0005,1750.0,1750.0,1760.0,1760.0,175,175,1,0,oracle_confirmed,1.0,10.0,k3_bridge_safe,dbdfb47e221ddd8c9f45f0ad268d380bd3f8c6fb2155bd8469807d85132a631c,72
cbbv2_514c0d360fd5b2a4b5fe,native_track_B0_uniform_random_random_native_confirmed_s057_b100,B0_uniform_random,random_native_confirmed,57,100,native_track_B0_uniform_random_random_native_confirmed_s057_b100_event_0006,2830.0,2830.0,2840.0,2840.0,283,283,1,0,oracle_confirmed,1.0,10.0,k3_bridge_safe,dbdfb47e221ddd8c9f45f0ad268d380bd3f8c6fb2155bd8469807d85132a631c,72
cbbv2_514c0d360fd5b2a4b5fe,native_track_B0_uniform_random_random_native_confirmed_s057_b100,B0_uniform_random,random_native_confirmed,57,100,native_track_B0_uniform_random_random_native_confirmed_s057_b100_event_0007,2960.0,2960.0,2980.0,2980.0,296|297,296|297,2,0,oracle_confirmed,1.0,20.0,k3_bridge_safe,dbdfb47e221ddd8c9f45f0ad268d380bd3f8c6fb2155bd8469807d85132a631c,72
cbbv2_514c0d360fd5b2a4b5fe,native_track_B0_uniform_random_random_native_confirmed_s057_b100,B0_uniform_random,random_native_confirmed,57,100,native_track_B0_uniform_random_random_native_confirmed_s057_b100_event_0000,690.0,690.0,700.0,700.0,69,69,1,0,oracle_confirmed,1.0,10.0,k3_bridge_safe,dbdfb47e221ddd8c9f45f0ad268d380bd3f8c6fb2155bd8469807d85132a631c,73
cbbv2_514c0d360fd5b2a4b5fe,native_track_B0_uniform_random_random_native_confirmed_s057_b100,B0_uniform_random,random_native_confirmed,57,100,native_track_B0_uniform_random_random_native_confirmed_s057_b100_event_0001,750.0,750.0,760.0,760.0,75,75,1,0,oracle_confirmed,1.0,10.0,k3_bridge_safe,dbdfb47e221ddd8c9f45f0ad268d380bd3f8c6fb2155bd8469807d85132a631c,73
cbbv2_514c0d360fd5b2a4b5fe,native_track_B0_uniform_random_random_native_confirmed_s057_b100,B0_uniform_random,random_native_confirmed,57,100,native_track_B0_uniform_random_random_native_confirmed_s057_b100_event_0002,830.0,830.0,840.0,840.0,83,83,1,0,oracle_confirmed,1.0,10.0,k3_bridge_safe,dbdfb47e221ddd8c9f45f0ad268d380bd3f8c6fb2155bd8469807d85132a631c,73
cbbv2_514c0d360fd5b2a4b5fe,native_track_B0_uniform_random_random_native_confirmed_s057_b100,B0_uniform_random,random_native_confirmed,57,100,native_track_B0_uniform_random_random_native_confirmed_s057_b100_event_0003,1280.0,1280.0,1300.0,1300.0,128|129,128|129,2,0,oracle_confirmed,1.0,20.0,k3_bridge_safe,dbdfb47e221ddd8c9f45f0ad268d380bd3f8c6fb2155bd8469807d85132a631c,73
cbbv2_514c0d360fd5b2a4b5fe,native_track_B0_uniform_random_random_native_confirmed_s057_b100,B0_uniform_random,random_native_confirmed,57,100,native_track_B0_uniform_random_random_native_confirmed_s057_b100_event_0004,1610.0,1610.0,1620.0,1620.0,161,161,1,0,oracle_confirmed,1.0,10.0,k3_bridge_safe,dbdfb47e221ddd8c9f45f0ad268d380bd3f8c6fb2155bd8469807d85132a631c,73
cbbv2_514c0d360fd5b2a4b5fe,native_track_B0_uniform_random_random_native_confirmed_s057_b100,B0_uniform_random,random_native_confirmed,57,100,native_track_B0_uniform_random_random_native_confirmed_s057_b100_event_0005,1750.0,1750.0,1760.0,1760.0,175,175,1,0,oracle_confirmed,1.0,10.0,k3_bridge_safe,dbdfb47e221ddd8c9f45f0ad268d380bd3f8c6fb2155bd8469807d85132a631c,73
cbbv2_514c0d360fd5b2a4b5fe,native_track_B0_uniform_random_random_native_confirmed_s057_b100,B0_uniform_random,random_native_confirmed,57,100,native_track_B0_uniform_random_random_native_confirmed_s057_b100_event_0006,2830.0,2830.0,2840.0,2840.0,283,283,1,0,oracle_confirmed,1.0,10.0,k3_bridge_safe,dbdfb47e221ddd8c9f45f0ad268d380bd3f8c6fb2155bd8469807d85132a631c,73
cbbv2_514c0d360fd5b2a4b5fe,native_track_B0_uniform_random_random_native_confirmed_s057_b100,B0_uniform_random,random_native_confirmed,57,100,native_track_B0_uniform_random_random_native_confirmed_s057_b100_event_0007,2960.0,2960.0,2980.0,2980.0,296|297,296|297,2,0,oracle_confirmed,1.0,20.0,k3_bridge_safe,dbdfb47e221ddd8c9f45f0ad268d380bd3f8c6fb2155bd8469807d85132a631c,73
cbbv2_514c0d360fd5b2a4b5fe,native_track_B0_uniform_random_random_native_confirmed_s057_b100,B0_uniform_random,random_native_confirmed,57,100,native_track_B0_uniform_random_random_native_confirmed_s057_b100_event_0000,690.0,690.0,700.0,700.0,69,69,1,0,oracle_confirmed,1.0,10.0,k3_bridge_safe,dbdfb47e221ddd8c9f45f0ad268d380bd3f8c6fb2155bd8469807d85132a631c,74
cbbv2_514c0d360fd5b2a4b5fe,native_track_B0_uniform_random_random_native_confirmed_s057_b100,B0_uniform_random,random_native_confirmed,57,100,native_track_B0_uniform_random_random_native_confirmed_s057_b100_event_0001,750.0,750.0,760.0,760.0,75,75,1,0,oracle_confirmed,1.0,10.0,k3_bridge_safe,dbdfb47e221ddd8c9f45f0ad268d380bd3f8c6fb2155bd8469807d85132a631c,74
cbbv2_514c0d360fd5b2a4b5fe,native_track_B0_uniform_random_random_native_confirmed_s057_b100,B0_uniform_random,random_native_confirmed,57,100,native_track_B0_uniform_random_random_native_confirmed_s057_b100_event_0002,830.0,830.0,840.0,840.0,83,83,1,0,oracle_confirmed,1.0,10.0,k3_bridge_safe,dbdfb47e221ddd8c9f45f0ad268d380bd3f8c6fb2155bd8469807d85132a631c,74
cbbv2_514c0d360fd5b2a4b5fe,native_track_B0_uniform_random_random_native_confirmed_s057_b100,B0_uniform_random,random_native_confirmed,57,100,native_track_B0_uniform_random_random_native_confirmed_s057_b100_event_0003,1280.0,1280.0,1300.0,1300.0,128|129,128|129,2,0,oracle_confirmed,1.0,20.0,k3_bridge_safe,dbdfb47e221ddd8c9f45f0ad268d380bd3f8c6fb2155bd8469807d85132a631c,74
cbbv2_514c0d360fd5b2a4b5fe,native_track_B0_uniform_random_random_native_confirmed_s057_b100,B0_uniform_random,random_native_confirmed,57,100,native_track_B0_uniform_random_random_native_confirmed_s057_b100_event_0004,1610.0,1610.0,1620.0,1620.0,161,161,1,0,oracle_confirmed,1.0,10.0,k3_bridge_safe,dbdfb47e221ddd8c9f45f0ad268d380bd3f8c6fb2155bd8469807d85132a631c,74
cbbv2_514c0d360fd5b2a4b5fe,native_track_B0_uniform_random_random_native_confirmed_s057_b100,B0_uniform_random,random_native_confirmed,57,100,native_track_B0_uniform_random_random_native_confirmed_s057_b100_event_0005,1750.0,1750.0,1760.0,1760.0,175,175,1,0,oracle_confirmed,1.0,10.0,k3_bridge_safe,dbdfb47e221ddd8c9f45f0ad268d380bd3f8c6fb2155bd8469807d85132a631c,74
cbbv2_514c0d360fd5b2a4b5fe,native_track_B0_uniform_random_random_native_confirmed_s057_b100,B0_uniform_random,random_native_confirmed,57,100,native_track_B0_uniform_random_random_native_confirmed_s057_b100_event_0006,2830.0,2830.0,2840.0,2840.0,283,283,1,0,oracle_confirmed,1.0,10.0,k3_bridge_safe,dbdfb47e221ddd8c9f45f0ad268d380bd3f8c6fb2155bd8469807d85132a631c,74
cbbv2_514c0d360fd5b2a4b5fe,native_track_B0_uniform_random_random_native_confirmed_s057_b100,B0_uniform_random,random_native_confirmed,57,100,native_track_B0_uniform_random_random_native_confirmed_s057_b100_event_0007,2960.0,2960.0,2980.0,2980.0,296|297,296|297,2,0,oracle_confirmed,1.0,20.0,k3_bridge_safe,dbdfb47e221ddd8c9f45f0ad268d380bd3f8c6fb2155bd8469807d85132a631c,74
cbbv2_514c0d360fd5b2a4b5fe,native_track_B0_uniform_random_random_native_confirmed_s057_b100,B0_uniform_random,random_native_confirmed,57,100,native_track_B0_uniform_random_random_native_confirmed_s057_b100_event_0000,690.0,690.0,700.0,700.0,69,69,1,0,oracle_confirmed,1.0,10.0,k3_bridge_safe,dbdfb47e221ddd8c9f45f0ad268d380bd3f8c6fb2155bd8469807d85132a631c,75
cbbv2_514c0d360fd5b2a4b5fe,native_track_B0_uniform_random_random_native_confirmed_s057_b100,B0_uniform_random,random_native_confirmed,57,100,native_track_B0_uniform_random_random_native_confirmed_s057_b100_event_0001,750.0,750.0,760.0,760.0,75,75,1,0,oracle_confirmed,1.0,10.0,k3_bridge_safe,dbdfb47e221ddd8c9f45f0ad268d380bd3f8c6fb2155bd8469807d85132a631c,75
cbbv2_514c0d360fd5b2a4b5fe,native_track_B0_uniform_random_random_native_confirmed_s057_b100,B0_uniform_random,random_native_confirmed,57,100,native_track_B0_uniform_random_random_native_confirmed_s057_b100_event_0002,830.0,830.0,840.0,840.0,83,83,1,0,oracle_confirmed,1.0,10.0,k3_bridge_safe,dbdfb47e221ddd8c9f45f0ad268d380bd3f8c6fb2155bd8469807d85132a631c,75
cbbv2_514c0d360fd5b2a4b5fe,native_track_B0_uniform_random_random_native_confirmed_s057_b100,B0_uniform_random,random_native_confirmed,57,100,native_track_B0_uniform_random_random_native_confirmed_s057_b100_event_0003,1280.0,1280.0,1300.0,1300.0,128|129,128|129,2,0,oracle_confirmed,1.0,20.0,k3_bridge_safe,dbdfb47e221ddd8c9f45f0ad268d380bd3f8c6fb2155bd8469807d85132a631c,75
cbbv2_514c0d360fd5b2a4b5fe,native_track_B0_uniform_random_random_native_confirmed_s057_b100,B0_uniform_random,random_native_confirmed,57,100,native_track_B0_uniform_random_random_native_confirmed_s057_b100_event_0004,1610.0,1610.0,1620.0,1620.0,161,161,1,0,oracle_confirmed,1.0,10.0,k3_bridge_safe,dbdfb47e221ddd8c9f45f0ad268d380bd3f8c6fb2155bd8469807d85132a631c,75
cbbv2_514c0d360fd5b2a4b5fe,native_track_B0_uniform_random_random_native_confirmed_s057_b100,B0_uniform_random,random_native_confirmed,57,100,native_track_B0_uniform_random_random_native_confirmed_s057_b100_event_0005,1750.0,1750.0,1760.0,1760.0,175,175,1,0,oracle_confirmed,1.0,10.0,k3_bridge_safe,dbdfb47e221ddd8c9f45f0ad268d380bd3f8c6fb2155bd8469807d85132a631c,75
cbbv2_514c0d360fd5b2a4b5fe,native_track_B0_uniform_random_random_native_confirmed_s057_b100,B0_uniform_random,random_native_confirmed,57,100,native_track_B0_uniform_random_random_native_confirmed_s057_b100_event_0006,2830.0,2830.0,2840.0,2840.0,283,283,1,0,oracle_confirmed,1.0,10.0,k3_bridge_safe,dbdfb47e221ddd8c9f45f0ad268d380bd3f8c6fb2155bd8469807d85132a631c,75
cbbv2_514c0d360fd5b2a4b5fe,native_track_B0_uniform_random_random_native_confirmed_s057_b100,B0_uniform_random,random_native_confirmed,57,100,native_track_B0_uniform_random_random_native_confirmed_s057_b100_event_0007,2960.0,2960.0,2980.0,2980.0,296|297,296|297,2,0,oracle_confirmed,1.0,20.0,k3_bridge_safe,dbdfb47e221ddd8c9f45f0ad268d380bd3f8c6fb2155bd8469807d85132a631c,75
cbbv2_514c0d360fd5b2a4b5fe,native_track_B0_uniform_random_random_native_confirmed_s057_b100,B0_uniform_random,random_native_confirmed,57,100,native_track_B0_uniform_random_random_native_confirmed_s057_b100_event_0000,690.0,690.0,700.0,700.0,69,69,1,0,oracle_confirmed,1.0,10.0,k3_bridge_safe,dbdfb47e221ddd8c9f45f0ad268d380bd3f8c6fb2155bd8469807d85132a631c,76
cbbv2_514c0d360fd5b2a4b5fe,native_track_B0_uniform_random_random_native_confirmed_s057_b100,B0_uniform_random,random_native_confirmed,57,100,native_track_B0_uniform_random_random_native_confirmed_s057_b100_event_0001,750.0,750.0,760.0,760.0,75,75,1,0,oracle_confirmed,1.0,10.0,k3_bridge_safe,dbdfb47e221ddd8c9f45f0ad268d380bd3f8c6fb2155bd8469807d85132a631c,76
cbbv2_514c0d360fd5b2a4b5fe,native_track_B0_uniform_random_random_native_confirmed_s057_b100,B0_uniform_random,random_native_confirmed,57,100,native_track_B0_uniform_random_random_native_confirmed_s057_b100_event_0002,830.0,830.0,840.0,840.0,83,83,1,0,oracle_confirmed,1.0,10.0,k3_bridge_safe,dbdfb47e221ddd8c9f45f0ad268d380bd3f8c6fb2155bd8469807d85132a631c,76
cbbv2_514c0d360fd5b2a4b5fe,native_track_B0_uniform_random_random_native_confirmed_s057_b100,B0_uniform_random,random_native_confirmed,57,100,native_track_B0_uniform_random_random_native_confirmed_s057_b100_event_0003,1280.0,1280.0,1300.0,1300.0,128|129,128|129,2,0,oracle_confirmed,1.0,20.0,k3_bridge_safe,dbdfb47e221ddd8c9f45f0ad268d380bd3f8c6fb2155bd8469807d85132a631c,76
cbbv2_514c0d360fd5b2a4b5fe,native_track_B0_uniform_random_random_native_confirmed_s057_b100,B0_uniform_random,random_native_confirmed,57,100,native_track_B0_uniform_random_random_native_confirmed_s057_b100_event_0004,1610.0,1610.0,1620.0,1620.0,161,161,1,0,oracle_confirmed,1.0,10.0,k3_bridge_safe,dbdfb47e221ddd8c9f45f0ad268d380bd3f8c6fb2155bd8469807d85132a631c,76
cbbv2_514c0d360fd5b2a4b5fe,native_track_B0_uniform_random_random_native_confirmed_s057_b100,B0_uniform_random,random_native_confirmed,57,100,native_track_B0_uniform_random_random_native_confirmed_s057_b100_event_0005,1750.0,1750.0,1760.0,1760.0,175,175,1,0,oracle_confirmed,1.0,10.0,k3_bridge_safe,dbdfb47e221ddd8c9f45f0ad268d380bd3f8c6fb2155bd8469807d85132a631c,76
cbbv2_514c0d360fd5b2a4b5fe,native_track_B0_uniform_random_random_native_confirmed_s057_b100,B0_uniform_random,random_native_confirmed,57,100,native_track_B0_uniform_random_random_native_confirmed_s057_b100_event_0006,2830.0,2830.0,2840.0,2840.0,283,283,1,0,oracle_confirmed,1.0,10.0,k3_bridge_safe,dbdfb47e221ddd8c9f45f0ad268d380bd3f8c6fb2155bd8469807d85132a631c,76
cbbv2_514c0d360fd5b2a4b5fe,native_track_B0_uniform_random_random_native_confirmed_s057_b100,B0_uniform_random,random_native_confirmed,57,100,native_track_B0_uniform_random_random_native_confirmed_s057_b100_event_0007,2960.0,2960.0,2980.0,2980.0,296|297,296|297,2,0,oracle_confirmed,1.0,20.0,k3_bridge_safe,dbdfb47e221ddd8c9f45f0ad268d380bd3f8c6fb2155bd8469807d85132a631c,76
cbbv2_514c0d360fd5b2a4b5fe,native_track_B0_uniform_random_random_native_confirmed_s057_b100,B0_uniform_random,random_native_confirmed,57,100,native_track_B0_uniform_random_random_native_confirmed_s057_b100_event_0000,690.0,690.0,700.0,700.0,69,69,1,0,oracle_confirmed,1.0,10.0,k3_bridge_safe,dbdfb47e221ddd8c9f45f0ad268d380bd3f8c6fb2155bd8469807d85132a631c,77
cbbv2_514c0d360fd5b2a4b5fe,native_track_B0_uniform_random_random_native_confirmed_s057_b100,B0_uniform_random,random_native_confirmed,57,100,native_track_B0_uniform_random_random_native_confirmed_s057_b100_event_0001,750.0,750.0,760.0,760.0,75,75,1,0,oracle_confirmed,1.0,10.0,k3_bridge_safe,dbdfb47e221ddd8c9f45f0ad268d380bd3f8c6fb2155bd8469807d85132a631c,77
cbbv2_514c0d360fd5b2a4b5fe,native_track_B0_uniform_random_random_native_confirmed_s057_b100,B0_uniform_random,random_native_confirmed,57,100,native_track_B0_uniform_random_random_native_confirmed_s057_b100_event_0002,830.0,830.0,840.0,840.0,83,83,1,0,oracle_confirmed,1.0,10.0,k3_bridge_safe,dbdfb47e221ddd8c9f45f0ad268d380bd3f8c6fb2155bd8469807d85132a631c,77
cbbv2_514c0d360fd5b2a4b5fe,native_track_B0_uniform_random_random_native_confirmed_s057_b100,B0_uniform_random,random_native_confirmed,57,100,native_track_B0_uniform_random_random_native_confirmed_s057_b100_event_0003,1280.0,1280.0,1300.0,1300.0,128|129,128|129,2,0,oracle_confirmed,1.0,20.0,k3_bridge_safe,dbdfb47e221ddd8c9f45f0ad268d380bd3f8c6fb2155bd8469807d85132a631c,77
cbbv2_514c0d360fd5b2a4b5fe,native_track_B0_uniform_random_random_native_confirmed_s057_b100,B0_uniform_random,random_native_confirmed,57,100,native_track_B0_uniform_random_random_native_confirmed_s057_b100_event_0004,1610.0,1610.0,1620.0,1620.0,161,161,1,0,oracle_confirmed,1.0,10.0,k3_bridge_safe,dbdfb47e221ddd8c9f45f0ad268d380bd3f8c6fb2155bd8469807d85132a631c,77
cbbv2_514c0d360fd5b2a4b5fe,native_track_B0_uniform_random_random_native_confirmed_s057_b100,B0_uniform_random,random_native_confirmed,57,100,native_track_B0_uniform_random_random_native_confirmed_s057_b100_event_0005,1750.0,1750.0,1760.0,1760.0,175,175,1,0,oracle_confirmed,1.0,10.0,k3_bridge_safe,dbdfb47e221ddd8c9f45f0ad268d380bd3f8c6fb2155bd8469807d85132a631c,77
cbbv2_514c0d360fd5b2a4b5fe,native_track_B0_uniform_random_random_native_confirmed_s057_b100,B0_uniform_random,random_native_confirmed,57,100,native_track_B0_uniform_random_random_native_confirmed_s057_b100_event_0006,2830.0,2830.0,2840.0,2840.0,283,283,1,0,oracle_confirmed,1.0,10.0,k3_bridge_safe,dbdfb47e221ddd8c9f45f0ad268d380bd3f8c6fb2155bd8469807d85132a631c,77
cbbv2_514c0d360fd5b2a4b5fe,native_track_B0_uniform_random_random_native_confirmed_s057_b100,B0_uniform_random,random_native_confirmed,57,100,native_track_B0_uniform_random_random_native_confirmed_s057_b100_event_0007,2960.0,2960.0,2980.0,2980.0,296|297,296|297,2,0,oracle_confirmed,1.0,20.0,k3_bridge_safe,dbdfb47e221ddd8c9f45f0ad268d380bd3f8c6fb2155bd8469807d85132a631c,77
cbbv2_514c0d360fd5b2a4b5fe,native_track_B0_uniform_random_random_native_confirmed_s057_b100,B0_uniform_random,random_native_confirmed,57,100,native_track_B0_uniform_random_random_native_confirmed_s057_b100_event_0000,690.0,690.0,700.0,700.0,69,69,1,0,oracle_confirmed,1.0,10.0,k3_bridge_safe,dbdfb47e221ddd8c9f45f0ad268d380bd3f8c6fb2155bd8469807d85132a631c,78
cbbv2_514c0d360fd5b2a4b5fe,native_track_B0_uniform_random_random_native_confirmed_s057_b100,B0_uniform_random,random_native_confirmed,57,100,native_track_B0_uniform_random_random_native_confirmed_s057_b100_event_0001,750.0,750.0,760.0,760.0,75,75,1,0,oracle_confirmed,1.0,10.0,k3_bridge_safe,dbdfb47e221ddd8c9f45f0ad268d380bd3f8c6fb2155bd8469807d85132a631c,78
cbbv2_514c0d360fd5b2a4b5fe,native_track_B0_uniform_random_random_native_confirmed_s057_b100,B0_uniform_random,random_native_confirmed,57,100,native_track_B0_uniform_random_random_native_confirmed_s057_b100_event_0002,830.0,830.0,840.0,840.0,83,83,1,0,oracle_confirmed,1.0,10.0,k3_bridge_safe,dbdfb47e221ddd8c9f45f0ad268d380bd3f8c6fb2155bd8469807d85132a631c,78
cbbv2_514c0d360fd5b2a4b5fe,native_track_B0_uniform_random_random_native_confirmed_s057_b100,B0_uniform_random,random_native_confirmed,57,100,native_track_B0_uniform_random_random_native_confirmed_s057_b100_event_0003,1280.0,1280.0,1300.0,1300.0,128|129,128|129,2,0,oracle_confirmed,1.0,20.0,k3_bridge_safe,dbdfb47e221ddd8c9f45f0ad268d380bd3f8c6fb2155bd8469807d85132a631c,78
cbbv2_514c0d360fd5b2a4b5fe,native_track_B0_uniform_random_random_native_confirmed_s057_b100,B0_uniform_random,random_native_confirmed,57,100,native_track_B0_uniform_random_random_native_confirmed_s057_b100_event_0004,1610.0,1610.0,1620.0,1620.0,161,161,1,0,oracle_confirmed,1.0,10.0,k3_bridge_safe,dbdfb47e221ddd8c9f45f0ad268d380bd3f8c6fb2155bd8469807d85132a631c,78
cbbv2_514c0d360fd5b2a4b5fe,native_track_B0_uniform_random_random_native_confirmed_s057_b100,B0_uniform_random,random_native_confirmed,57,100,native_track_B0_uniform_random_random_native_confirmed_s057_b100_event_0005,1750.0,1750.0,1760.0,1760.0,175,175,1,0,oracle_confirmed,1.0,10.0,k3_bridge_safe,dbdfb47e221ddd8c9f45f0ad268d380bd3f8c6fb2155bd8469807d85132a631c,78
cbbv2_514c0d360fd5b2a4b5fe,native_track_B0_uniform_random_random_native_confirmed_s057_b100,B0_uniform_random,random_native_confirmed,57,100,native_track_B0_uniform_random_random_native_confirmed_s057_b100_event_0006,2830.0,2830.0,2840.0,2840.0,283,283,1,0,oracle_confirmed,1.0,10.0,k3_bridge_safe,dbdfb47e221ddd8c9f45f0ad268d380bd3f8c6fb2155bd8469807d85132a631c,78
cbbv2_514c0d360fd5b2a4b5fe,native_track_B0_uniform_random_random_native_confirmed_s057_b100,B0_uniform_random,random_native_confirmed,57,100,native_track_B0_uniform_random_random_native_confirmed_s057_b100_event_0007,2960.0,2960.0,2980.0,2980.0,296|297,296|297,2,0,oracle_confirmed,1.0,20.0,k3_bridge_safe,dbdfb47e221ddd8c9f45f0ad268d380bd3f8c6fb2155bd8469807d85132a631c,78
cbbv2_514c0d360fd5b2a4b5fe,native_track_B0_uniform_random_random_native_confirmed_s057_b100,B0_uniform_random,random_native_confirmed,57,100,native_track_B0_uniform_random_random_native_confirmed_s057_b100_event_0000,690.0,690.0,700.0,700.0,69,69,1,0,oracle_confirmed,1.0,10.0,k3_bridge_safe,dbdfb47e221ddd8c9f45f0ad268d380bd3f8c6fb2155bd8469807d85132a631c,79
cbbv2_514c0d360fd5b2a4b5fe,native_track_B0_uniform_random_random_native_confirmed_s057_b100,B0_uniform_random,random_native_confirmed,57,100,native_track_B0_uniform_random_random_native_confirmed_s057_b100_event_0001,750.0,750.0,760.0,760.0,75,75,1,0,oracle_confirmed,1.0,10.0,k3_bridge_safe,dbdfb47e221ddd8c9f45f0ad268d380bd3f8c6fb2155bd8469807d85132a631c,79
cbbv2_514c0d360fd5b2a4b5fe,native_track_B0_uniform_random_random_native_confirmed_s057_b100,B0_uniform_random,random_native_confirmed,57,100,native_track_B0_uniform_random_random_native_confirmed_s057_b100_event_0002,830.0,830.0,840.0,840.0,83,83,1,0,oracle_confirmed,1.0,10.0,k3_bridge_safe,dbdfb47e221ddd8c9f45f0ad268d380bd3f8c6fb2155bd8469807d85132a631c,79
cbbv2_514c0d360fd5b2a4b5fe,native_track_B0_uniform_random_random_native_confirmed_s057_b100,B0_uniform_random,random_native_confirmed,57,100,native_track_B0_uniform_random_random_native_confirmed_s057_b100_event_0003,1280.0,1280.0,1300.0,1300.0,128|129,128|129,2,0,oracle_confirmed,1.0,20.0,k3_bridge_safe,dbdfb47e221ddd8c9f45f0ad268d380bd3f8c6fb2155bd8469807d85132a631c,79
cbbv2_514c0d360fd5b2a4b5fe,native_track_B0_uniform_random_random_native_confirmed_s057_b100,B0_uniform_random,random_native_confirmed,57,100,native_track_B0_uniform_random_random_native_confirmed_s057_b100_event_0004,1610.0,1610.0,1620.0,1620.0,161,161,1,0,oracle_confirmed,1.0,10.0,k3_bridge_safe,dbdfb47e221ddd8c9f45f0ad268d380bd3f8c6fb2155bd8469807d85132a631c,79
cbbv2_514c0d360fd5b2a4b5fe,native_track_B0_uniform_random_random_native_confirmed_s057_b100,B0_uniform_random,random_native_confirmed,57,100,native_track_B0_uniform_random_random_native_confirmed_s057_b100_event_0005,1750.0,1750.0,1760.0,1760.0,175,175,1,0,oracle_confirmed,1.0,10.0,k3_bridge_safe,dbdfb47e221ddd8c9f45f0ad268d380bd3f8c6fb2155bd8469807d85132a631c,79
cbbv2_514c0d360fd5b2a4b5fe,native_track_B0_uniform_random_random_native_confirmed_s057_b100,B0_uniform_random,random_native_confirmed,57,100,native_track_B0_uniform_random_random_native_confirmed_s057_b100_event_0006,2830.0,2830.0,2840.0,2840.0,283,283,1,0,oracle_confirmed,1.0,10.0,k3_bridge_safe,dbdfb47e221ddd8c9f45f0ad268d380bd3f8c6fb2155bd8469807d85132a631c,79
cbbv2_514c0d360fd5b2a4b5fe,native_track_B0_uniform_random_random_native_confirmed_s057_b100,B0_uniform_random,random_native_confirmed,57,100,native_track_B0_uniform_random_random_native_confirmed_s057_b100_event_0007,2960.0,2960.0,2980.0,2980.0,296|297,296|297,2,0,oracle_confirmed,1.0,20.0,k3_bridge_safe,dbdfb47e221ddd8c9f45f0ad268d380bd3f8c6fb2155bd8469807d85132a631c,79
cbbv2_514c0d360fd5b2a4b5fe,native_track_B0_uniform_random_random_native_confirmed_s057_b100,B0_uniform_random,random_native_confirmed,57,100,native_track_B0_uniform_random_random_native_confirmed_s057_b100_event_0000,690.0,690.0,700.0,700.0,69,69,1,0,oracle_confirmed,1.0,10.0,k3_bridge_safe,dbdfb47e221ddd8c9f45f0ad268d380bd3f8c6fb2155bd8469807d85132a631c,80
cbbv2_514c0d360fd5b2a4b5fe,native_track_B0_uniform_random_random_native_confirmed_s057_b100,B0_uniform_random,random_native_confirmed,57,100,native_track_B0_uniform_random_random_native_confirmed_s057_b100_event_0001,750.0,750.0,760.0,760.0,75,75,1,0,oracle_confirmed,1.0,10.0,k3_bridge_safe,dbdfb47e221ddd8c9f45f0ad268d380bd3f8c6fb2155bd8469807d85132a631c,80
cbbv2_514c0d360fd5b2a4b5fe,native_track_B0_uniform_random_random_native_confirmed_s057_b100,B0_uniform_random,random_native_confirmed,57,100,native_track_B0_uniform_random_random_native_confirmed_s057_b100_event_0002,830.0,830.0,840.0,840.0,83,83,1,0,oracle_confirmed,1.0,10.0,k3_bridge_safe,dbdfb47e221ddd8c9f45f0ad268d380bd3f8c6fb2155bd8469807d85132a631c,80
cbbv2_514c0d360fd5b2a4b5fe,native_track_B0_uniform_random_random_native_confirmed_s057_b100,B0_uniform_random,random_native_confirmed,57,100,native_track_B0_uniform_random_random_native_confirmed_s057_b100_event_0003,1280.0,1280.0,1300.0,1300.0,128|129,128|129,2,0,oracle_confirmed,1.0,20.0,k3_bridge_safe,dbdfb47e221ddd8c9f45f0ad268d380bd3f8c6fb2155bd8469807d85132a631c,80
cbbv2_514c0d360fd5b2a4b5fe,native_track_B0_uniform_random_random_native_confirmed_s057_b100,B0_uniform_random,random_native_confirmed,57,100,native_track_B0_uniform_random_random_native_confirmed_s057_b100_event_0004,1610.0,1610.0,1620.0,1620.0,161,161,1,0,oracle_confirmed,1.0,10.0,k3_bridge_safe,dbdfb47e221ddd8c9f45f0ad268d380bd3f8c6fb2155bd8469807d85132a631c,80
cbbv2_514c0d360fd5b2a4b5fe,native_track_B0_uniform_random_random_native_confirmed_s057_b100,B0_uniform_random,random_native_confirmed,57,100,native_track_B0_uniform_random_random_native_confirmed_s057_b100_event_0005,1750.0,1750.0,1760.0,1760.0,175,175,1,0,oracle_confirmed,1.0,10.0,k3_bridge_safe,dbdfb47e221ddd8c9f45f0ad268d380bd3f8c6fb2155bd8469807d85132a631c,80
cbbv2_514c0d360fd5b2a4b5fe,native_track_B0_uniform_random_random_native_confirmed_s057_b100,B0_uniform_random,random_native_confirmed,57,100,native_track_B0_uniform_random_random_native_confirmed_s057_b100_event_0006,2830.0,2830.0,2840.0,2840.0,283,283,1,0,oracle_confirmed,1.0,10.0,k3_bridge_safe,dbdfb47e221ddd8c9f45f0ad268d380bd3f8c6fb2155bd8469807d85132a631c,80
cbbv2_514c0d360fd5b2a4b5fe,native_track_B0_uniform_random_random_native_confirmed_s057_b100,B0_uniform_random,random_native_confirmed,57,100,native_track_B0_uniform_random_random_native_confirmed_s057_b100_event_0007,2960.0,2960.0,2980.0,2980.0,296|297,296|297,2,0,oracle_confirmed,1.0,20.0,k3_bridge_safe,dbdfb47e221ddd8c9f45f0ad268d380bd3f8c6fb2155bd8469807d85132a631c,80
cbbv2_514c0d360fd5b2a4b5fe,native_track_B0_uniform_random_random_native_confirmed_s057_b100,B0_uniform_random,random_native_confirmed,57,100,native_track_B0_uniform_random_random_native_confirmed_s057_b100_event_0000,690.0,690.0,700.0,700.0,69,69,1,0,oracle_confirmed,1.0,10.0,k3_bridge_safe,dbdfb47e221ddd8c9f45f0ad268d380bd3f8c6fb2155bd8469807d85132a631c,81
cbbv2_514c0d360fd5b2a4b5fe,native_track_B0_uniform_random_random_native_confirmed_s057_b100,B0_uniform_random,random_native_confirmed,57,100,native_track_B0_uniform_random_random_native_confirmed_s057_b100_event_0001,750.0,750.0,760.0,760.0,75,75,1,0,oracle_confirmed,1.0,10.0,k3_bridge_safe,dbdfb47e221ddd8c9f45f0ad268d380bd3f8c6fb2155bd8469807d85132a631c,81
cbbv2_514c0d360fd5b2a4b5fe,native_track_B0_uniform_random_random_native_confirmed_s057_b100,B0_uniform_random,random_native_confirmed,57,100,native_track_B0_uniform_random_random_native_confirmed_s057_b100_event_0002,830.0,830.0,840.0,840.0,83,83,1,0,oracle_confirmed,1.0,10.0,k3_bridge_safe,dbdfb47e221ddd8c9f45f0ad268d380bd3f8c6fb2155bd8469807d85132a631c,81
cbbv2_514c0d360fd5b2a4b5fe,native_track_B0_uniform_random_random_native_confirmed_s057_b100,B0_uniform_random,random_native_confirmed,57,100,native_track_B0_uniform_random_random_native_confirmed_s057_b100_event_0003,1280.0,1280.0,1300.0,1300.0,128|129,128|129,2,0,oracle_confirmed,1.0,20.0,k3_bridge_safe,dbdfb47e221ddd8c9f45f0ad268d380bd3f8c6fb2155bd8469807d85132a631c,81
cbbv2_514c0d360fd5b2a4b5fe,native_track_B0_uniform_random_random_native_confirmed_s057_b100,B0_uniform_random,random_native_confirmed,57,100,native_track_B0_uniform_random_random_native_confirmed_s057_b100_event_0004,1610.0,1610.0,1620.0,1620.0,161,161,1,0,oracle_confirmed,1.0,10.0,k3_bridge_safe,dbdfb47e221ddd8c9f45f0ad268d380bd3f8c6fb2155bd8469807d85132a631c,81
cbbv2_514c0d360fd5b2a4b5fe,native_track_B0_uniform_random_random_native_confirmed_s057_b100,B0_uniform_random,random_native_confirmed,57,100,native_track_B0_uniform_random_random_native_confirmed_s057_b100_event_0005,1750.0,1750.0,1760.0,1760.0,175,175,1,0,oracle_confirmed,1.0,10.0,k3_bridge_safe,dbdfb47e221ddd8c9f45f0ad268d380bd3f8c6fb2155bd8469807d85132a631c,81
cbbv2_514c0d360fd5b2a4b5fe,native_track_B0_uniform_random_random_native_confirmed_s057_b100,B0_uniform_random,random_native_confirmed,57,100,native_track_B0_uniform_random_random_native_confirmed_s057_b100_event_0006,2830.0,2830.0,2840.0,2840.0,283,283,1,0,oracle_confirmed,1.0,10.0,k3_bridge_safe,dbdfb47e221ddd8c9f45f0ad268d380bd3f8c6fb2155bd8469807d85132a631c,81
cbbv2_514c0d360fd5b2a4b5fe,native_track_B0_uniform_random_random_native_confirmed_s057_b100,B0_uniform_random,random_native_confirmed,57,100,native_track_B0_uniform_random_random_native_confirmed_s057_b100_event_0007,2960.0,2960.0,2980.0,2980.0,296|297,296|297,2,0,oracle_confirmed,1.0,20.0,k3_bridge_safe,dbdfb47e221ddd8c9f45f0ad268d380bd3f8c6fb2155bd8469807d85132a631c,81
cbbv2_514c0d360fd5b2a4b5fe,native_track_B0_uniform_random_random_native_confirmed_s057_b100,B0_uniform_random,random_native_confirmed,57,100,native_track_B0_uniform_random_random_native_confirmed_s057_b100_event_0000,690.0,690.0,700.0,700.0,69,69,1,0,oracle_confirmed,1.0,10.0,k3_bridge_safe,dbdfb47e221ddd8c9f45f0ad268d380bd3f8c6fb2155bd8469807d85132a631c,82
cbbv2_514c0d360fd5b2a4b5fe,native_track_B0_uniform_random_random_native_confirmed_s057_b100,B0_uniform_random,random_native_confirmed,57,100,native_track_B0_uniform_random_random_native_confirmed_s057_b100_event_0001,750.0,750.0,760.0,760.0,75,75,1,0,oracle_confirmed,1.0,10.0,k3_bridge_safe,dbdfb47e221ddd8c9f45f0ad268d380bd3f8c6fb2155bd8469807d85132a631c,82
cbbv2_514c0d360fd5b2a4b5fe,native_track_B0_uniform_random_random_native_confirmed_s057_b100,B0_uniform_random,random_native_confirmed,57,100,native_track_B0_uniform_random_random_native_confirmed_s057_b100_event_0002,830.0,830.0,840.0,840.0,83,83,1,0,oracle_confirmed,1.0,10.0,k3_bridge_safe,dbdfb47e221ddd8c9f45f0ad268d380bd3f8c6fb2155bd8469807d85132a631c,82
cbbv2_514c0d360fd5b2a4b5fe,native_track_B0_uniform_random_random_native_confirmed_s057_b100,B0_uniform_random,random_native_confirmed,57,100,native_track_B0_uniform_random_random_native_confirmed_s057_b100_event_0003,1280.0,1280.0,1300.0,1300.0,128|129,128|129,2,0,oracle_confirmed,1.0,20.0,k3_bridge_safe,dbdfb47e221ddd8c9f45f0ad268d380bd3f8c6fb2155bd8469807d85132a631c,82
cbbv2_514c0d360fd5b2a4b5fe,native_track_B0_uniform_random_random_native_confirmed_s057_b100,B0_uniform_random,random_native_confirmed,57,100,native_track_B0_uniform_random_random_native_confirmed_s057_b100_event_0004,1610.0,1610.0,1620.0,1620.0,161,161,1,0,oracle_confirmed,1.0,10.0,k3_bridge_safe,dbdfb47e221ddd8c9f45f0ad268d380bd3f8c6fb2155bd8469807d85132a631c,82
cbbv2_514c0d360fd5b2a4b5fe,native_track_B0_uniform_random_random_native_confirmed_s057_b100,B0_uniform_random,random_native_confirmed,57,100,native_track_B0_uniform_random_random_native_confirmed_s057_b100_event_0005,1750.0,1750.0,1760.0,1760.0,175,175,1,0,oracle_confirmed,1.0,10.0,k3_bridge_safe,dbdfb47e221ddd8c9f45f0ad268d380bd3f8c6fb2155bd8469807d85132a631c,82
cbbv2_514c0d360fd5b2a4b5fe,native_track_B0_uniform_random_random_native_confirmed_s057_b100,B0_uniform_random,random_native_confirmed,57,100,native_track_B0_uniform_random_random_native_confirmed_s057_b100_event_0006,2830.0,2830.0,2840.0,2840.0,283,283,1,0,oracle_confirmed,1.0,10.0,k3_bridge_safe,dbdfb47e221ddd8c9f45f0ad268d380bd3f8c6fb2155bd8469807d85132a631c,82
cbbv2_514c0d360fd5b2a4b5fe,native_track_B0_uniform_random_random_native_confirmed_s057_b100,B0_uniform_random,random_native_confirmed,57,100,native_track_B0_uniform_random_random_native_confirmed_s057_b100_event_0007,2960.0,2960.0,2980.0,2980.0,296|297,296|297,2,0,oracle_confirmed,1.0,20.0,k3_bridge_safe,dbdfb47e221ddd8c9f45f0ad268d380bd3f8c6fb2155bd8469807d85132a631c,82
cbbv2_514c0d360fd5b2a4b5fe,native_track_B0_uniform_random_random_native_confirmed_s057_b100,B0_uniform_random,random_native_confirmed,57,100,native_track_B0_uniform_random_random_native_confirmed_s057_b100_event_0000,570.0,570.0,580.0,580.0,57,57,1,0,oracle_confirmed,1.0,10.0,k3_bridge_safe,dbdfb47e221ddd8c9f45f0ad268d380bd3f8c6fb2155bd8469807d85132a631c,83
cbbv2_514c0d360fd5b2a4b5fe,native_track_B0_uniform_random_random_native_confirmed_s057_b100,B0_uniform_random,random_native_confirmed,57,100,native_track_B0_uniform_random_random_native_confirmed_s057_b100_event_0001,690.0,690.0,700.0,700.0,69,69,1,0,oracle_confirmed,1.0,10.0,k3_bridge_safe,dbdfb47e221ddd8c9f45f0ad268d380bd3f8c6fb2155bd8469807d85132a631c,83
cbbv2_514c0d360fd5b2a4b5fe,native_track_B0_uniform_random_random_native_confirmed_s057_b100,B0_uniform_random,random_native_confirmed,57,100,native_track_B0_uniform_random_random_native_confirmed_s057_b100_event_0002,750.0,750.0,760.0,760.0,75,75,1,0,oracle_confirmed,1.0,10.0,k3_bridge_safe,dbdfb47e221ddd8c9f45f0ad268d380bd3f8c6fb2155bd8469807d85132a631c,83
cbbv2_514c0d360fd5b2a4b5fe,native_track_B0_uniform_random_random_native_confirmed_s057_b100,B0_uniform_random,random_native_confirmed,57,100,native_track_B0_uniform_random_random_native_confirmed_s057_b100_event_0003,830.0,830.0,840.0,840.0,83,83,1,0,oracle_confirmed,1.0,10.0,k3_bridge_safe,dbdfb47e221ddd8c9f45f0ad268d380bd3f8c6fb2155bd8469807d85132a631c,83
cbbv2_514c0d360fd5b2a4b5fe,native_track_B0_uniform_random_random_native_confirmed_s057_b100,B0_uniform_random,random_native_confirmed,57,100,native_track_B0_uniform_random_random_native_confirmed_s057_b100_event_0004,1280.0,1280.0,1300.0,1300.0,128|129,128|129,2,0,oracle_confirmed,1.0,20.0,k3_bridge_safe,dbdfb47e221ddd8c9f45f0ad268d380bd3f8c6fb2155bd8469807d85132a631c,83
cbbv2_514c0d360fd5b2a4b5fe,native_track_B0_uniform_random_random_native_confirmed_s057_b100,B0_uniform_random,random_native_confirmed,57,100,native_track_B0_uniform_random_random_native_confirmed_s057_b100_event_0005,1610.0,1610.0,1620.0,1620.0,161,161,1,0,oracle_confirmed,1.0,10.0,k3_bridge_safe,dbdfb47e221ddd8c9f45f0ad268d380bd3f8c6fb2155bd8469807d85132a631c,83
cbbv2_514c0d360fd5b2a4b5fe,native_track_B0_uniform_random_random_native_confirmed_s057_b100,B0_uniform_random,random_native_confirmed,57,100,native_track_B0_uniform_random_random_native_confirmed_s057_b100_event_0006,1750.0,1750.0,1760.0,1760.0,175,175,1,0,oracle_confirmed,1.0,10.0,k3_bridge_safe,dbdfb47e221ddd8c9f45f0ad268d380bd3f8c6fb2155bd8469807d85132a631c,83
cbbv2_514c0d360fd5b2a4b5fe,native_track_B0_uniform_random_random_native_confirmed_s057_b100,B0_uniform_random,random_native_confirmed,57,100,native_track_B0_uniform_random_random_native_confirmed_s057_b100_event_0007,2830.0,2830.0,2840.0,2840.0,283,283,1,0,oracle_confirmed,1.0,10.0,k3_bridge_safe,dbdfb47e221ddd8c9f45f0ad268d380bd3f8c6fb2155bd8469807d85132a631c,83
cbbv2_514c0d360fd5b2a4b5fe,native_track_B0_uniform_random_random_native_confirmed_s057_b100,B0_uniform_random,random_native_confirmed,57,100,native_track_B0_uniform_random_random_native_confirmed_s057_b100_event_0008,2960.0,2960.0,2980.0,2980.0,296|297,296|297,2,0,oracle_confirmed,1.0,20.0,k3_bridge_safe,dbdfb47e221ddd8c9f45f0ad268d380bd3f8c6fb2155bd8469807d85132a631c,83
cbbv2_514c0d360fd5b2a4b5fe,native_track_B0_uniform_random_random_native_confirmed_s057_b100,B0_uniform_random,random_native_confirmed,57,100,native_track_B0_uniform_random_random_native_confirmed_s057_b100_event_0000,570.0,570.0,580.0,580.0,57,57,1,0,oracle_confirmed,1.0,10.0,k3_bridge_safe,dbdfb47e221ddd8c9f45f0ad268d380bd3f8c6fb2155bd8469807d85132a631c,84
cbbv2_514c0d360fd5b2a4b5fe,native_track_B0_uniform_random_random_native_confirmed_s057_b100,B0_uniform_random,random_native_confirmed,57,100,native_track_B0_uniform_random_random_native_confirmed_s057_b100_event_0001,690.0,690.0,700.0,700.0,69,69,1,0,oracle_confirmed,1.0,10.0,k3_bridge_safe,dbdfb47e221ddd8c9f45f0ad268d380bd3f8c6fb2155bd8469807d85132a631c,84
cbbv2_514c0d360fd5b2a4b5fe,native_track_B0_uniform_random_random_native_confirmed_s057_b100,B0_uniform_random,random_native_confirmed,57,100,native_track_B0_uniform_random_random_native_confirmed_s057_b100_event_0002,750.0,750.0,760.0,760.0,75,75,1,0,oracle_confirmed,1.0,10.0,k3_bridge_safe,dbdfb47e221ddd8c9f45f0ad268d380bd3f8c6fb2155bd8469807d85132a631c,84
cbbv2_514c0d360fd5b2a4b5fe,native_track_B0_uniform_random_random_native_confirmed_s057_b100,B0_uniform_random,random_native_confirmed,57,100,native_track_B0_uniform_random_random_native_confirmed_s057_b100_event_0003,830.0,830.0,840.0,840.0,83,83,1,0,oracle_confirmed,1.0,10.0,k3_bridge_safe,dbdfb47e221ddd8c9f45f0ad268d380bd3f8c6fb2155bd8469807d85132a631c,84
cbbv2_514c0d360fd5b2a4b5fe,native_track_B0_uniform_random_random_native_confirmed_s057_b100,B0_uniform_random,random_native_confirmed,57,100,native_track_B0_uniform_random_random_native_confirmed_s057_b100_event_0004,1280.0,1280.0,1300.0,1300.0,128|129,128|129,2,0,oracle_confirmed,1.0,20.0,k3_bridge_safe,dbdfb47e221ddd8c9f45f0ad268d380bd3f8c6fb2155bd8469807d85132a631c,84
cbbv2_514c0d360fd5b2a4b5fe,native_track_B0_uniform_random_random_native_confirmed_s057_b100,B0_uniform_random,random_native_confirmed,57,100,native_track_B0_uniform_random_random_native_confirmed_s057_b100_event_0005,1610.0,1610.0,1620.0,1620.0,161,161,1,0,oracle_confirmed,1.0,10.0,k3_bridge_safe,dbdfb47e221ddd8c9f45f0ad268d380bd3f8c6fb2155bd8469807d85132a631c,84
cbbv2_514c0d360fd5b2a4b5fe,native_track_B0_uniform_random_random_native_confirmed_s057_b100,B0_uniform_random,random_native_confirmed,57,100,native_track_B0_uniform_random_random_native_confirmed_s057_b100_event_0006,1750.0,1750.0,1760.0,1760.0,175,175,1,0,oracle_confirmed,1.0,10.0,k3_bridge_safe,dbdfb47e221ddd8c9f45f0ad268d380bd3f8c6fb2155bd8469807d85132a631c,84
cbbv2_514c0d360fd5b2a4b5fe,native_track_B0_uniform_random_random_native_confirmed_s057_b100,B0_uniform_random,random_native_confirmed,57,100,native_track_B0_uniform_random_random_native_confirmed_s057_b100_event_0007,2830.0,2830.0,2840.0,2840.0,283,283,1,0,oracle_confirmed,1.0,10.0,k3_bridge_safe,dbdfb47e221ddd8c9f45f0ad268d380bd3f8c6fb2155bd8469807d85132a631c,84
cbbv2_514c0d360fd5b2a4b5fe,native_track_B0_uniform_random_random_native_confirmed_s057_b100,B0_uniform_random,random_native_confirmed,57,100,native_track_B0_uniform_random_random_native_confirmed_s057_b100_event_0008,2960.0,2960.0,2980.0,2980.0,296|297,296|297,2,0,oracle_confirmed,1.0,20.0,k3_bridge_safe,dbdfb47e221ddd8c9f45f0ad268d380bd3f8c6fb2155bd8469807d85132a631c,84
cbbv2_514c0d360fd5b2a4b5fe,native_track_B0_uniform_random_random_native_confirmed_s057_b100,B0_uniform_random,random_native_confirmed,57,100,native_track_B0_uniform_random_random_native_confirmed_s057_b100_event_0000,570.0,570.0,580.0,580.0,57,57,1,0,oracle_confirmed,1.0,10.0,k3_bridge_safe,dbdfb47e221ddd8c9f45f0ad268d380bd3f8c6fb2155bd8469807d85132a631c,85
cbbv2_514c0d360fd5b2a4b5fe,native_track_B0_uniform_random_random_native_confirmed_s057_b100,B0_uniform_random,random_native_confirmed,57,100,native_track_B0_uniform_random_random_native_confirmed_s057_b100_event_0001,690.0,690.0,700.0,700.0,69,69,1,0,oracle_confirmed,1.0,10.0,k3_bridge_safe,dbdfb47e221ddd8c9f45f0ad268d380bd3f8c6fb2155bd8469807d85132a631c,85
cbbv2_514c0d360fd5b2a4b5fe,native_track_B0_uniform_random_random_native_confirmed_s057_b100,B0_uniform_random,random_native_confirmed,57,100,native_track_B0_uniform_random_random_native_confirmed_s057_b100_event_0002,750.0,750.0,760.0,760.0,75,75,1,0,oracle_confirmed,1.0,10.0,k3_bridge_safe,dbdfb47e221ddd8c9f45f0ad268d380bd3f8c6fb2155bd8469807d85132a631c,85
cbbv2_514c0d360fd5b2a4b5fe,native_track_B0_uniform_random_random_native_confirmed_s057_b100,B0_uniform_random,random_native_confirmed,57,100,native_track_B0_uniform_random_random_native_confirmed_s057_b100_event_0003,830.0,830.0,840.0,840.0,83,83,1,0,oracle_confirmed,1.0,10.0,k3_bridge_safe,dbdfb47e221ddd8c9f45f0ad268d380bd3f8c6fb2155bd8469807d85132a631c,85
cbbv2_514c0d360fd5b2a4b5fe,native_track_B0_uniform_random_random_native_confirmed_s057_b100,B0_uniform_random,random_native_confirmed,57,100,native_track_B0_uniform_random_random_native_confirmed_s057_b100_event_0004,1280.0,1280.0,1300.0,1300.0,128|129,128|129,2,0,oracle_confirmed,1.0,20.0,k3_bridge_safe,dbdfb47e221ddd8c9f45f0ad268d380bd3f8c6fb2155bd8469807d85132a631c,85
cbbv2_514c0d360fd5b2a4b5fe,native_track_B0_uniform_random_random_native_confirmed_s057_b100,B0_uniform_random,random_native_confirmed,57,100,native_track_B0_uniform_random_random_native_confirmed_s057_b100_event_0005,1610.0,1610.0,1620.0,1620.0,161,161,1,0,oracle_confirmed,1.0,10.0,k3_bridge_safe,dbdfb47e221ddd8c9f45f0ad268d380bd3f8c6fb2155bd8469807d85132a631c,85
cbbv2_514c0d360fd5b2a4b5fe,native_track_B0_uniform_random_random_native_confirmed_s057_b100,B0_uniform_random,random_native_confirmed,57,100,native_track_B0_uniform_random_random_native_confirmed_s057_b100_event_0006,1750.0,1750.0,1760.0,1760.0,175,175,1,0,oracle_confirmed,1.0,10.0,k3_bridge_safe,dbdfb47e221ddd8c9f45f0ad268d380bd3f8c6fb2155bd8469807d85132a631c,85
cbbv2_514c0d360fd5b2a4b5fe,native_track_B0_uniform_random_random_native_confirmed_s057_b100,B0_uniform_random,random_native_confirmed,57,100,native_track_B0_uniform_random_random_native_confirmed_s057_b100_event_0007,2830.0,2830.0,2840.0,2840.0,283,283,1,0,oracle_confirmed,1.0,10.0,k3_bridge_safe,dbdfb47e221ddd8c9f45f0ad268d380bd3f8c6fb2155bd8469807d85132a631c,85
cbbv2_514c0d360fd5b2a4b5fe,native_track_B0_uniform_random_random_native_confirmed_s057_b100,B0_uniform_random,random_native_confirmed,57,100,native_track_B0_uniform_random_random_native_confirmed_s057_b100_event_0008,2960.0,2960.0,2980.0,2980.0,296|297,296|297,2,0,oracle_confirmed,1.0,20.0,k3_bridge_safe,dbdfb47e221ddd8c9f45f0ad268d380bd3f8c6fb2155bd8469807d85132a631c,85
cbbv2_514c0d360fd5b2a4b5fe,native_track_B0_uniform_random_random_native_confirmed_s057_b100,B0_uniform_random,random_native_confirmed,57,100,native_track_B0_uniform_random_random_native_confirmed_s057_b100_event_0000,570.0,570.0,580.0,580.0,57,57,1,0,oracle_confirmed,1.0,10.0,k3_bridge_safe,dbdfb47e221ddd8c9f45f0ad268d380bd3f8c6fb2155bd8469807d85132a631c,86
cbbv2_514c0d360fd5b2a4b5fe,native_track_B0_uniform_random_random_native_confirmed_s057_b100,B0_uniform_random,random_native_confirmed,57,100,native_track_B0_uniform_random_random_native_confirmed_s057_b100_event_0001,690.0,690.0,700.0,700.0,69,69,1,0,oracle_confirmed,1.0,10.0,k3_bridge_safe,dbdfb47e221ddd8c9f45f0ad268d380bd3f8c6fb2155bd8469807d85132a631c,86
cbbv2_514c0d360fd5b2a4b5fe,native_track_B0_uniform_random_random_native_confirmed_s057_b100,B0_uniform_random,random_native_confirmed,57,100,native_track_B0_uniform_random_random_native_confirmed_s057_b100_event_0002,750.0,750.0,760.0,760.0,75,75,1,0,oracle_confirmed,1.0,10.0,k3_bridge_safe,dbdfb47e221ddd8c9f45f0ad268d380bd3f8c6fb2155bd8469807d85132a631c,86
cbbv2_514c0d360fd5b2a4b5fe,native_track_B0_uniform_random_random_native_confirmed_s057_b100,B0_uniform_random,random_native_confirmed,57,100,native_track_B0_uniform_random_random_native_confirmed_s057_b100_event_0003,830.0,830.0,840.0,840.0,83,83,1,0,oracle_confirmed,1.0,10.0,k3_bridge_safe,dbdfb47e221ddd8c9f45f0ad268d380bd3f8c6fb2155bd8469807d85132a631c,86
cbbv2_514c0d360fd5b2a4b5fe,native_track_B0_uniform_random_random_native_confirmed_s057_b100,B0_uniform_random,random_native_confirmed,57,100,native_track_B0_uniform_random_random_native_confirmed_s057_b100_event_0004,1280.0,1280.0,1300.0,1300.0,128|129,128|129,2,0,oracle_confirmed,1.0,20.0,k3_bridge_safe,dbdfb47e221ddd8c9f45f0ad268d380bd3f8c6fb2155bd8469807d85132a631c,86
cbbv2_514c0d360fd5b2a4b5fe,native_track_B0_uniform_random_random_native_confirmed_s057_b100,B0_uniform_random,random_native_confirmed,57,100,native_track_B0_uniform_random_random_native_confirmed_s057_b100_event_0005,1610.0,1610.0,1620.0,1620.0,161,161,1,0,oracle_confirmed,1.0,10.0,k3_bridge_safe,dbdfb47e221ddd8c9f45f0ad268d380bd3f8c6fb2155bd8469807d85132a631c,86
cbbv2_514c0d360fd5b2a4b5fe,native_track_B0_uniform_random_random_native_confirmed_s057_b100,B0_uniform_random,random_native_confirmed,57,100,native_track_B0_uniform_random_random_native_confirmed_s057_b100_event_0006,1750.0,1750.0,1760.0,1760.0,175,175,1,0,oracle_confirmed,1.0,10.0,k3_bridge_safe,dbdfb47e221ddd8c9f45f0ad268d380bd3f8c6fb2155bd8469807d85132a631c,86
cbbv2_514c0d360fd5b2a4b5fe,native_track_B0_uniform_random_random_native_confirmed_s057_b100,B0_uniform_random,random_native_confirmed,57,100,native_track_B0_uniform_random_random_native_confirmed_s057_b100_event_0007,2830.0,2830.0,2840.0,2840.0,283,283,1,0,oracle_confirmed,1.0,10.0,k3_bridge_safe,dbdfb47e221ddd8c9f45f0ad268d380bd3f8c6fb2155bd8469807d85132a631c,86
cbbv2_514c0d360fd5b2a4b5fe,native_track_B0_uniform_random_random_native_confirmed_s057_b100,B0_uniform_random,random_native_confirmed,57,100,native_track_B0_uniform_random_random_native_confirmed_s057_b100_event_0008,2960.0,2960.0,2980.0,2980.0,296|297,296|297,2,0,oracle_confirmed,1.0,20.0,k3_bridge_safe,dbdfb47e221ddd8c9f45f0ad268d380bd3f8c6fb2155bd8469807d85132a631c,86
cbbv2_514c0d360fd5b2a4b5fe,native_track_B0_uniform_random_random_native_confirmed_s057_b100,B0_uniform_random,random_native_confirmed,57,100,native_track_B0_uniform_random_random_native_confirmed_s057_b100_event_0000,570.0,570.0,580.0,580.0,57,57,1,0,oracle_confirmed,1.0,10.0,k3_bridge_safe,dbdfb47e221ddd8c9f45f0ad268d380bd3f8c6fb2155bd8469807d85132a631c,87
cbbv2_514c0d360fd5b2a4b5fe,native_track_B0_uniform_random_random_native_confirmed_s057_b100,B0_uniform_random,random_native_confirmed,57,100,native_track_B0_uniform_random_random_native_confirmed_s057_b100_event_0001,690.0,690.0,700.0,700.0,69,69,1,0,oracle_confirmed,1.0,10.0,k3_bridge_safe,dbdfb47e221ddd8c9f45f0ad268d380bd3f8c6fb2155bd8469807d85132a631c,87
cbbv2_514c0d360fd5b2a4b5fe,native_track_B0_uniform_random_random_native_confirmed_s057_b100,B0_uniform_random,random_native_confirmed,57,100,native_track_B0_uniform_random_random_native_confirmed_s057_b100_event_0002,750.0,750.0,760.0,760.0,75,75,1,0,oracle_confirmed,1.0,10.0,k3_bridge_safe,dbdfb47e221ddd8c9f45f0ad268d380bd3f8c6fb2155bd8469807d85132a631c,87
cbbv2_514c0d360fd5b2a4b5fe,native_track_B0_uniform_random_random_native_confirmed_s057_b100,B0_uniform_random,random_native_confirmed,57,100,native_track_B0_uniform_random_random_native_confirmed_s057_b100_event_0003,830.0,830.0,840.0,840.0,83,83,1,0,oracle_confirmed,1.0,10.0,k3_bridge_safe,dbdfb47e221ddd8c9f45f0ad268d380bd3f8c6fb2155bd8469807d85132a631c,87
cbbv2_514c0d360fd5b2a4b5fe,native_track_B0_uniform_random_random_native_confirmed_s057_b100,B0_uniform_random,random_native_confirmed,57,100,native_track_B0_uniform_random_random_native_confirmed_s057_b100_event_0004,1280.0,1280.0,1300.0,1300.0,128|129,128|129,2,0,oracle_confirmed,1.0,20.0,k3_bridge_safe,dbdfb47e221ddd8c9f45f0ad268d380bd3f8c6fb2155bd8469807d85132a631c,87
cbbv2_514c0d360fd5b2a4b5fe,native_track_B0_uniform_random_random_native_confirmed_s057_b100,B0_uniform_random,random_native_confirmed,57,100,native_track_B0_uniform_random_random_native_confirmed_s057_b100_event_0005,1610.0,1610.0,1620.0,1620.0,161,161,1,0,oracle_confirmed,1.0,10.0,k3_bridge_safe,dbdfb47e221ddd8c9f45f0ad268d380bd3f8c6fb2155bd8469807d85132a631c,87
cbbv2_514c0d360fd5b2a4b5fe,native_track_B0_uniform_random_random_native_confirmed_s057_b100,B0_uniform_random,random_native_confirmed,57,100,native_track_B0_uniform_random_random_native_confirmed_s057_b100_event_0006,1750.0,1750.0,1760.0,1760.0,175,175,1,0,oracle_confirmed,1.0,10.0,k3_bridge_safe,dbdfb47e221ddd8c9f45f0ad268d380bd3f8c6fb2155bd8469807d85132a631c,87
cbbv2_514c0d360fd5b2a4b5fe,native_track_B0_uniform_random_random_native_confirmed_s057_b100,B0_uniform_random,random_native_confirmed,57,100,native_track_B0_uniform_random_random_native_confirmed_s057_b100_event_0007,2830.0,2830.0,2840.0,2840.0,283,283,1,0,oracle_confirmed,1.0,10.0,k3_bridge_safe,dbdfb47e221ddd8c9f45f0ad268d380bd3f8c6fb2155bd8469807d85132a631c,87
cbbv2_514c0d360fd5b2a4b5fe,native_track_B0_uniform_random_random_native_confirmed_s057_b100,B0_uniform_random,random_native_confirmed,57,100,native_track_B0_uniform_random_random_native_confirmed_s057_b100_event_0008,2960.0,2960.0,2980.0,2980.0,296|297,296|297,2,0,oracle_confirmed,1.0,20.0,k3_bridge_safe,dbdfb47e221ddd8c9f45f0ad268d380bd3f8c6fb2155bd8469807d85132a631c,87
cbbv2_514c0d360fd5b2a4b5fe,native_track_B0_uniform_random_random_native_confirmed_s057_b100,B0_uniform_random,random_native_confirmed,57,100,native_track_B0_uniform_random_random_native_confirmed_s057_b100_event_0000,570.0,570.0,580.0,580.0,57,57,1,0,oracle_confirmed,1.0,10.0,k3_bridge_safe,dbdfb47e221ddd8c9f45f0ad268d380bd3f8c6fb2155bd8469807d85132a631c,88
cbbv2_514c0d360fd5b2a4b5fe,native_track_B0_uniform_random_random_native_confirmed_s057_b100,B0_uniform_random,random_native_confirmed,57,100,native_track_B0_uniform_random_random_native_confirmed_s057_b100_event_0001,690.0,690.0,700.0,700.0,69,69,1,0,oracle_confirmed,1.0,10.0,k3_bridge_safe,dbdfb47e221ddd8c9f45f0ad268d380bd3f8c6fb2155bd8469807d85132a631c,88
cbbv2_514c0d360fd5b2a4b5fe,native_track_B0_uniform_random_random_native_confirmed_s057_b100,B0_uniform_random,random_native_confirmed,57,100,native_track_B0_uniform_random_random_native_confirmed_s057_b100_event_0002,750.0,750.0,760.0,760.0,75,75,1,0,oracle_confirmed,1.0,10.0,k3_bridge_safe,dbdfb47e221ddd8c9f45f0ad268d380bd3f8c6fb2155bd8469807d85132a631c,88
cbbv2_514c0d360fd5b2a4b5fe,native_track_B0_uniform_random_random_native_confirmed_s057_b100,B0_uniform_random,random_native_confirmed,57,100,native_track_B0_uniform_random_random_native_confirmed_s057_b100_event_0003,830.0,830.0,840.0,840.0,83,83,1,0,oracle_confirmed,1.0,10.0,k3_bridge_safe,dbdfb47e221ddd8c9f45f0ad268d380bd3f8c6fb2155bd8469807d85132a631c,88
cbbv2_514c0d360fd5b2a4b5fe,native_track_B0_uniform_random_random_native_confirmed_s057_b100,B0_uniform_random,random_native_confirmed,57,100,native_track_B0_uniform_random_random_native_confirmed_s057_b100_event_0004,1280.0,1280.0,1300.0,1300.0,128|129,128|129,2,0,oracle_confirmed,1.0,20.0,k3_bridge_safe,dbdfb47e221ddd8c9f45f0ad268d380bd3f8c6fb2155bd8469807d85132a631c,88
cbbv2_514c0d360fd5b2a4b5fe,native_track_B0_uniform_random_random_native_confirmed_s057_b100,B0_uniform_random,random_native_confirmed,57,100,native_track_B0_uniform_random_random_native_confirmed_s057_b100_event_0005,1610.0,1610.0,1620.0,1620.0,161,161,1,0,oracle_confirmed,1.0,10.0,k3_bridge_safe,dbdfb47e221ddd8c9f45f0ad268d380bd3f8c6fb2155bd8469807d85132a631c,88
cbbv2_514c0d360fd5b2a4b5fe,native_track_B0_uniform_random_random_native_confirmed_s057_b100,B0_uniform_random,random_native_confirmed,57,100,native_track_B0_uniform_random_random_native_confirmed_s057_b100_event_0006,1750.0,1750.0,1760.0,1760.0,175,175,1,0,oracle_confirmed,1.0,10.0,k3_bridge_safe,dbdfb47e221ddd8c9f45f0ad268d380bd3f8c6fb2155bd8469807d85132a631c,88
cbbv2_514c0d360fd5b2a4b5fe,native_track_B0_uniform_random_random_native_confirmed_s057_b100,B0_uniform_random,random_native_confirmed,57,100,native_track_B0_uniform_random_random_native_confirmed_s057_b100_event_0007,2830.0,2830.0,2840.0,2840.0,283,283,1,0,oracle_confirmed,1.0,10.0,k3_bridge_safe,dbdfb47e221ddd8c9f45f0ad268d380bd3f8c6fb2155bd8469807d85132a631c,88
cbbv2_514c0d360fd5b2a4b5fe,native_track_B0_uniform_random_random_native_confirmed_s057_b100,B0_uniform_random,random_native_confirmed,57,100,native_track_B0_uniform_random_random_native_confirmed_s057_b100_event_0008,2960.0,2960.0,2980.0,2980.0,296|297,296|297,2,0,oracle_confirmed,1.0,20.0,k3_bridge_safe,dbdfb47e221ddd8c9f45f0ad268d380bd3f8c6fb2155bd8469807d85132a631c,88
cbbv2_514c0d360fd5b2a4b5fe,native_track_B0_uniform_random_random_native_confirmed_s057_b100,B0_uniform_random,random_native_confirmed,57,100,native_track_B0_uniform_random_random_native_confirmed_s057_b100_event_0000,570.0,570.0,580.0,580.0,57,57,1,0,oracle_confirmed,1.0,10.0,k3_bridge_safe,dbdfb47e221ddd8c9f45f0ad268d380bd3f8c6fb2155bd8469807d85132a631c,89
cbbv2_514c0d360fd5b2a4b5fe,native_track_B0_uniform_random_random_native_confirmed_s057_b100,B0_uniform_random,random_native_confirmed,57,100,native_track_B0_uniform_random_random_native_confirmed_s057_b100_event_0001,690.0,690.0,700.0,700.0,69,69,1,0,oracle_confirmed,1.0,10.0,k3_bridge_safe,dbdfb47e221ddd8c9f45f0ad268d380bd3f8c6fb2155bd8469807d85132a631c,89
cbbv2_514c0d360fd5b2a4b5fe,native_track_B0_uniform_random_random_native_confirmed_s057_b100,B0_uniform_random,random_native_confirmed,57,100,native_track_B0_uniform_random_random_native_confirmed_s057_b100_event_0002,750.0,750.0,760.0,760.0,75,75,1,0,oracle_confirmed,1.0,10.0,k3_bridge_safe,dbdfb47e221ddd8c9f45f0ad268d380bd3f8c6fb2155bd8469807d85132a631c,89
cbbv2_514c0d360fd5b2a4b5fe,native_track_B0_uniform_random_random_native_confirmed_s057_b100,B0_uniform_random,random_native_confirmed,57,100,native_track_B0_uniform_random_random_native_confirmed_s057_b100_event_0003,830.0,830.0,840.0,840.0,83,83,1,0,oracle_confirmed,1.0,10.0,k3_bridge_safe,dbdfb47e221ddd8c9f45f0ad268d380bd3f8c6fb2155bd8469807d85132a631c,89
cbbv2_514c0d360fd5b2a4b5fe,native_track_B0_uniform_random_random_native_confirmed_s057_b100,B0_uniform_random,random_native_confirmed,57,100,native_track_B0_uniform_random_random_native_confirmed_s057_b100_event_0004,1280.0,1280.0,1300.0,1300.0,128|129,128|129,2,0,oracle_confirmed,1.0,20.0,k3_bridge_safe,dbdfb47e221ddd8c9f45f0ad268d380bd3f8c6fb2155bd8469807d85132a631c,89
cbbv2_514c0d360fd5b2a4b5fe,native_track_B0_uniform_random_random_native_confirmed_s057_b100,B0_uniform_random,random_native_confirmed,57,100,native_track_B0_uniform_random_random_native_confirmed_s057_b100_event_0005,1610.0,1610.0,1620.0,1620.0,161,161,1,0,oracle_confirmed,1.0,10.0,k3_bridge_safe,dbdfb47e221ddd8c9f45f0ad268d380bd3f8c6fb2155bd8469807d85132a631c,89
cbbv2_514c0d360fd5b2a4b5fe,native_track_B0_uniform_random_random_native_confirmed_s057_b100,B0_uniform_random,random_native_confirmed,57,100,native_track_B0_uniform_random_random_native_confirmed_s057_b100_event_0006,1750.0,1750.0,1760.0,1760.0,175,175,1,0,oracle_confirmed,1.0,10.0,k3_bridge_safe,dbdfb47e221ddd8c9f45f0ad268d380bd3f8c6fb2155bd8469807d85132a631c,89
cbbv2_514c0d360fd5b2a4b5fe,native_track_B0_uniform_random_random_native_confirmed_s057_b100,B0_uniform_random,random_native_confirmed,57,100,native_track_B0_uniform_random_random_native_confirmed_s057_b100_event_0007,2830.0,2830.0,2840.0,2840.0,283,283,1,0,oracle_confirmed,1.0,10.0,k3_bridge_safe,dbdfb47e221ddd8c9f45f0ad268d380bd3f8c6fb2155bd8469807d85132a631c,89
cbbv2_514c0d360fd5b2a4b5fe,native_track_B0_uniform_random_random_native_confirmed_s057_b100,B0_uniform_random,random_native_confirmed,57,100,native_track_B0_uniform_random_random_native_confirmed_s057_b100_event_0008,2960.0,2960.0,2980.0,2980.0,296|297,296|297,2,0,oracle_confirmed,1.0,20.0,k3_bridge_safe,dbdfb47e221ddd8c9f45f0ad268d380bd3f8c6fb2155bd8469807d85132a631c,89
cbbv2_514c0d360fd5b2a4b5fe,native_track_B0_uniform_random_random_native_confirmed_s057_b100,B0_uniform_random,random_native_confirmed,57,100,native_track_B0_uniform_random_random_native_confirmed_s057_b100_event_0000,570.0,570.0,580.0,580.0,57,57,1,0,oracle_confirmed,1.0,10.0,k3_bridge_safe,dbdfb47e221ddd8c9f45f0ad268d380bd3f8c6fb2155bd8469807d85132a631c,90
cbbv2_514c0d360fd5b2a4b5fe,native_track_B0_uniform_random_random_native_confirmed_s057_b100,B0_uniform_random,random_native_confirmed,57,100,native_track_B0_uniform_random_random_native_confirmed_s057_b100_event_0001,690.0,690.0,700.0,700.0,69,69,1,0,oracle_confirmed,1.0,10.0,k3_bridge_safe,dbdfb47e221ddd8c9f45f0ad268d380bd3f8c6fb2155bd8469807d85132a631c,90
cbbv2_514c0d360fd5b2a4b5fe,native_track_B0_uniform_random_random_native_confirmed_s057_b100,B0_uniform_random,random_native_confirmed,57,100,native_track_B0_uniform_random_random_native_confirmed_s057_b100_event_0002,750.0,750.0,760.0,760.0,75,75,1,0,oracle_confirmed,1.0,10.0,k3_bridge_safe,dbdfb47e221ddd8c9f45f0ad268d380bd3f8c6fb2155bd8469807d85132a631c,90
cbbv2_514c0d360fd5b2a4b5fe,native_track_B0_uniform_random_random_native_confirmed_s057_b100,B0_uniform_random,random_native_confirmed,57,100,native_track_B0_uniform_random_random_native_confirmed_s057_b100_event_0003,830.0,830.0,840.0,840.0,83,83,1,0,oracle_confirmed,1.0,10.0,k3_bridge_safe,dbdfb47e221ddd8c9f45f0ad268d380bd3f8c6fb2155bd8469807d85132a631c,90
cbbv2_514c0d360fd5b2a4b5fe,native_track_B0_uniform_random_random_native_confirmed_s057_b100,B0_uniform_random,random_native_confirmed,57,100,native_track_B0_uniform_random_random_native_confirmed_s057_b100_event_0004,1280.0,1280.0,1300.0,1300.0,128|129,128|129,2,0,oracle_confirmed,1.0,20.0,k3_bridge_safe,dbdfb47e221ddd8c9f45f0ad268d380bd3f8c6fb2155bd8469807d85132a631c,90
cbbv2_514c0d360fd5b2a4b5fe,native_track_B0_uniform_random_random_native_confirmed_s057_b100,B0_uniform_random,random_native_confirmed,57,100,native_track_B0_uniform_random_random_native_confirmed_s057_b100_event_0005,1610.0,1610.0,1620.0,1620.0,161,161,1,0,oracle_confirmed,1.0,10.0,k3_bridge_safe,dbdfb47e221ddd8c9f45f0ad268d380bd3f8c6fb2155bd8469807d85132a631c,90
cbbv2_514c0d360fd5b2a4b5fe,native_track_B0_uniform_random_random_native_confirmed_s057_b100,B0_uniform_random,random_native_confirmed,57,100,native_track_B0_uniform_random_random_native_confirmed_s057_b100_event_0006,1750.0,1750.0,1760.0,1760.0,175,175,1,0,oracle_confirmed,1.0,10.0,k3_bridge_safe,dbdfb47e221ddd8c9f45f0ad268d380bd3f8c6fb2155bd8469807d85132a631c,90
cbbv2_514c0d360fd5b2a4b5fe,native_track_B0_uniform_random_random_native_confirmed_s057_b100,B0_uniform_random,random_native_confirmed,57,100,native_track_B0_uniform_random_random_native_confirmed_s057_b100_event_0007,2830.0,2830.0,2840.0,2840.0,283,283,1,0,oracle_confirmed,1.0,10.0,k3_bridge_safe,dbdfb47e221ddd8c9f45f0ad268d380bd3f8c6fb2155bd8469807d85132a631c,90
cbbv2_514c0d360fd5b2a4b5fe,native_track_B0_uniform_random_random_native_confirmed_s057_b100,B0_uniform_random,random_native_confirmed,57,100,native_track_B0_uniform_random_random_native_confirmed_s057_b100_event_0008,2960.0,2960.0,2980.0,2980.0,296|297,296|297,2,0,oracle_confirmed,1.0,20.0,k3_bridge_safe,dbdfb47e221ddd8c9f45f0ad268d380bd3f8c6fb2155bd8469807d85132a631c,90
cbbv2_514c0d360fd5b2a4b5fe,native_track_B0_uniform_random_random_native_confirmed_s057_b100,B0_uniform_random,random_native_confirmed,57,100,native_track_B0_uniform_random_random_native_confirmed_s057_b100_event_0000,570.0,570.0,580.0,580.0,57,57,1,0,oracle_confirmed,1.0,10.0,k3_bridge_safe,dbdfb47e221ddd8c9f45f0ad268d380bd3f8c6fb2155bd8469807d85132a631c,91
cbbv2_514c0d360fd5b2a4b5fe,native_track_B0_uniform_random_random_native_confirmed_s057_b100,B0_uniform_random,random_native_confirmed,57,100,native_track_B0_uniform_random_random_native_confirmed_s057_b100_event_0001,690.0,690.0,700.0,700.0,69,69,1,0,oracle_confirmed,1.0,10.0,k3_bridge_safe,dbdfb47e221ddd8c9f45f0ad268d380bd3f8c6fb2155bd8469807d85132a631c,91
cbbv2_514c0d360fd5b2a4b5fe,native_track_B0_uniform_random_random_native_confirmed_s057_b100,B0_uniform_random,random_native_confirmed,57,100,native_track_B0_uniform_random_random_native_confirmed_s057_b100_event_0002,750.0,750.0,760.0,760.0,75,75,1,0,oracle_confirmed,1.0,10.0,k3_bridge_safe,dbdfb47e221ddd8c9f45f0ad268d380bd3f8c6fb2155bd8469807d85132a631c,91
cbbv2_514c0d360fd5b2a4b5fe,native_track_B0_uniform_random_random_native_confirmed_s057_b100,B0_uniform_random,random_native_confirmed,57,100,native_track_B0_uniform_random_random_native_confirmed_s057_b100_event_0003,830.0,830.0,840.0,840.0,83,83,1,0,oracle_confirmed,1.0,10.0,k3_bridge_safe,dbdfb47e221ddd8c9f45f0ad268d380bd3f8c6fb2155bd8469807d85132a631c,91
cbbv2_514c0d360fd5b2a4b5fe,native_track_B0_uniform_random_random_native_confirmed_s057_b100,B0_uniform_random,random_native_confirmed,57,100,native_track_B0_uniform_random_random_native_confirmed_s057_b100_event_0004,1280.0,1280.0,1300.0,1300.0,128|129,128|129,2,0,oracle_confirmed,1.0,20.0,k3_bridge_safe,dbdfb47e221ddd8c9f45f0ad268d380bd3f8c6fb2155bd8469807d85132a631c,91
cbbv2_514c0d360fd5b2a4b5fe,native_track_B0_uniform_random_random_native_confirmed_s057_b100,B0_uniform_random,random_native_confirmed,57,100,native_track_B0_uniform_random_random_native_confirmed_s057_b100_event_0005,1610.0,1610.0,1620.0,1620.0,161,161,1,0,oracle_confirmed,1.0,10.0,k3_bridge_safe,dbdfb47e221ddd8c9f45f0ad268d380bd3f8c6fb2155bd8469807d85132a631c,91
cbbv2_514c0d360fd5b2a4b5fe,native_track_B0_uniform_random_random_native_confirmed_s057_b100,B0_uniform_random,random_native_confirmed,57,100,native_track_B0_uniform_random_random_native_confirmed_s057_b100_event_0006,1750.0,1750.0,1760.0,1760.0,175,175,1,0,oracle_confirmed,1.0,10.0,k3_bridge_safe,dbdfb47e221ddd8c9f45f0ad268d380bd3f8c6fb2155bd8469807d85132a631c,91
cbbv2_514c0d360fd5b2a4b5fe,native_track_B0_uniform_random_random_native_confirmed_s057_b100,B0_uniform_random,random_native_confirmed,57,100,native_track_B0_uniform_random_random_native_confirmed_s057_b100_event_0007,2830.0,2830.0,2840.0,2840.0,283,283,1,0,oracle_confirmed,1.0,10.0,k3_bridge_safe,dbdfb47e221ddd8c9f45f0ad268d380bd3f8c6fb2155bd8469807d85132a631c,91
cbbv2_514c0d360fd5b2a4b5fe,native_track_B0_uniform_random_random_native_confirmed_s057_b100,B0_uniform_random,random_native_confirmed,57,100,native_track_B0_uniform_random_random_native_confirmed_s057_b100_event_0008,2960.0,2960.0,2980.0,2980.0,296|297,296|297,2,0,oracle_confirmed,1.0,20.0,k3_bridge_safe,dbdfb47e221ddd8c9f45f0ad268d380bd3f8c6fb2155bd8469807d85132a631c,91
cbbv2_514c0d360fd5b2a4b5fe,native_track_B0_uniform_random_random_native_confirmed_s057_b100,B0_uniform_random,random_native_confirmed,57,100,native_track_B0_uniform_random_random_native_confirmed_s057_b100_event_0000,570.0,570.0,580.0,580.0,57,57,1,0,oracle_confirmed,1.0,10.0,k3_bridge_safe,dbdfb47e221ddd8c9f45f0ad268d380bd3f8c6fb2155bd8469807d85132a631c,92
cbbv2_514c0d360fd5b2a4b5fe,native_track_B0_uniform_random_random_native_confirmed_s057_b100,B0_uniform_random,random_native_confirmed,57,100,native_track_B0_uniform_random_random_native_confirmed_s057_b100_event_0001,690.0,690.0,700.0,700.0,69,69,1,0,oracle_confirmed,1.0,10.0,k3_bridge_safe,dbdfb47e221ddd8c9f45f0ad268d380bd3f8c6fb2155bd8469807d85132a631c,92
cbbv2_514c0d360fd5b2a4b5fe,native_track_B0_uniform_random_random_native_confirmed_s057_b100,B0_uniform_random,random_native_confirmed,57,100,native_track_B0_uniform_random_random_native_confirmed_s057_b100_event_0002,750.0,750.0,760.0,760.0,75,75,1,0,oracle_confirmed,1.0,10.0,k3_bridge_safe,dbdfb47e221ddd8c9f45f0ad268d380bd3f8c6fb2155bd8469807d85132a631c,92
cbbv2_514c0d360fd5b2a4b5fe,native_track_B0_uniform_random_random_native_confirmed_s057_b100,B0_uniform_random,random_native_confirmed,57,100,native_track_B0_uniform_random_random_native_confirmed_s057_b100_event_0003,830.0,830.0,840.0,840.0,83,83,1,0,oracle_confirmed,1.0,10.0,k3_bridge_safe,dbdfb47e221ddd8c9f45f0ad268d380bd3f8c6fb2155bd8469807d85132a631c,92
cbbv2_514c0d360fd5b2a4b5fe,native_track_B0_uniform_random_random_native_confirmed_s057_b100,B0_uniform_random,random_native_confirmed,57,100,native_track_B0_uniform_random_random_native_confirmed_s057_b100_event_0004,1280.0,1280.0,1300.0,1300.0,128|129,128|129,2,0,oracle_confirmed,1.0,20.0,k3_bridge_safe,dbdfb47e221ddd8c9f45f0ad268d380bd3f8c6fb2155bd8469807d85132a631c,92
cbbv2_514c0d360fd5b2a4b5fe,native_track_B0_uniform_random_random_native_confirmed_s057_b100,B0_uniform_random,random_native_confirmed,57,100,native_track_B0_uniform_random_random_native_confirmed_s057_b100_event_0005,1610.0,1610.0,1620.0,1620.0,161,161,1,0,oracle_confirmed,1.0,10.0,k3_bridge_safe,dbdfb47e221ddd8c9f45f0ad268d380bd3f8c6fb2155bd8469807d85132a631c,92
cbbv2_514c0d360fd5b2a4b5fe,native_track_B0_uniform_random_random_native_confirmed_s057_b100,B0_uniform_random,random_native_confirmed,57,100,native_track_B0_uniform_random_random_native_confirmed_s057_b100_event_0006,1750.0,1750.0,1760.0,1760.0,175,175,1,0,oracle_confirmed,1.0,10.0,k3_bridge_safe,dbdfb47e221ddd8c9f45f0ad268d380bd3f8c6fb2155bd8469807d85132a631c,92
cbbv2_514c0d360fd5b2a4b5fe,native_track_B0_uniform_random_random_native_confirmed_s057_b100,B0_uniform_random,random_native_confirmed,57,100,native_track_B0_uniform_random_random_native_confirmed_s057_b100_event_0007,2830.0,2830.0,2840.0,2840.0,283,283,1,0,oracle_confirmed,1.0,10.0,k3_bridge_safe,dbdfb47e221ddd8c9f45f0ad268d380bd3f8c6fb2155bd8469807d85132a631c,92
cbbv2_514c0d360fd5b2a4b5fe,native_track_B0_uniform_random_random_native_confirmed_s057_b100,B0_uniform_random,random_native_confirmed,57,100,native_track_B0_uniform_random_random_native_confirmed_s057_b100_event_0008,2960.0,2960.0,2980.0,2980.0,296|297,296|297,2,0,oracle_confirmed,1.0,20.0,k3_bridge_safe,dbdfb47e221ddd8c9f45f0ad268d380bd3f8c6fb2155bd8469807d85132a631c,92
cbbv2_514c0d360fd5b2a4b5fe,native_track_B0_uniform_random_random_native_confirmed_s057_b100,B0_uniform_random,random_native_confirmed,57,100,native_track_B0_uniform_random_random_native_confirmed_s057_b100_event_0000,570.0,570.0,580.0,580.0,57,57,1,0,oracle_confirmed,1.0,10.0,k3_bridge_safe,dbdfb47e221ddd8c9f45f0ad268d380bd3f8c6fb2155bd8469807d85132a631c,93
cbbv2_514c0d360fd5b2a4b5fe,native_track_B0_uniform_random_random_native_confirmed_s057_b100,B0_uniform_random,random_native_confirmed,57,100,native_track_B0_uniform_random_random_native_confirmed_s057_b100_event_0001,690.0,690.0,700.0,700.0,69,69,1,0,oracle_confirmed,1.0,10.0,k3_bridge_safe,dbdfb47e221ddd8c9f45f0ad268d380bd3f8c6fb2155bd8469807d85132a631c,93
cbbv2_514c0d360fd5b2a4b5fe,native_track_B0_uniform_random_random_native_confirmed_s057_b100,B0_uniform_random,random_native_confirmed,57,100,native_track_B0_uniform_random_random_native_confirmed_s057_b100_event_0002,750.0,750.0,760.0,760.0,75,75,1,0,oracle_confirmed,1.0,10.0,k3_bridge_safe,dbdfb47e221ddd8c9f45f0ad268d380bd3f8c6fb2155bd8469807d85132a631c,93
cbbv2_514c0d360fd5b2a4b5fe,native_track_B0_uniform_random_random_native_confirmed_s057_b100,B0_uniform_random,random_native_confirmed,57,100,native_track_B0_uniform_random_random_native_confirmed_s057_b100_event_0003,830.0,830.0,840.0,840.0,83,83,1,0,oracle_confirmed,1.0,10.0,k3_bridge_safe,dbdfb47e221ddd8c9f45f0ad268d380bd3f8c6fb2155bd8469807d85132a631c,93
cbbv2_514c0d360fd5b2a4b5fe,native_track_B0_uniform_random_random_native_confirmed_s057_b100,B0_uniform_random,random_native_confirmed,57,100,native_track_B0_uniform_random_random_native_confirmed_s057_b100_event_0004,1280.0,1280.0,1300.0,1300.0,128|129,128|129,2,0,oracle_confirmed,1.0,20.0,k3_bridge_safe,dbdfb47e221ddd8c9f45f0ad268d380bd3f8c6fb2155bd8469807d85132a631c,93
cbbv2_514c0d360fd5b2a4b5fe,native_track_B0_uniform_random_random_native_confirmed_s057_b100,B0_uniform_random,random_native_confirmed,57,100,native_track_B0_uniform_random_random_native_confirmed_s057_b100_event_0005,1610.0,1610.0,1620.0,1620.0,161,161,1,0,oracle_confirmed,1.0,10.0,k3_bridge_safe,dbdfb47e221ddd8c9f45f0ad268d380bd3f8c6fb2155bd8469807d85132a631c,93
cbbv2_514c0d360fd5b2a4b5fe,native_track_B0_uniform_random_random_native_confirmed_s057_b100,B0_uniform_random,random_native_confirmed,57,100,native_track_B0_uniform_random_random_native_confirmed_s057_b100_event_0006,1750.0,1750.0,1760.0,1760.0,175,175,1,0,oracle_confirmed,1.0,10.0,k3_bridge_safe,dbdfb47e221ddd8c9f45f0ad268d380bd3f8c6fb2155bd8469807d85132a631c,93
cbbv2_514c0d360fd5b2a4b5fe,native_track_B0_uniform_random_random_native_confirmed_s057_b100,B0_uniform_random,random_native_confirmed,57,100,native_track_B0_uniform_random_random_native_confirmed_s057_b100_event_0007,2830.0,2830.0,2840.0,2840.0,283,283,1,0,oracle_confirmed,1.0,10.0,k3_bridge_safe,dbdfb47e221ddd8c9f45f0ad268d380bd3f8c6fb2155bd8469807d85132a631c,93
cbbv2_514c0d360fd5b2a4b5fe,native_track_B0_uniform_random_random_native_confirmed_s057_b100,B0_uniform_random,random_native_confirmed,57,100,native_track_B0_uniform_random_random_native_confirmed_s057_b100_event_0008,2960.0,2960.0,2980.0,2980.0,296|297,296|297,2,0,oracle_confirmed,1.0,20.0,k3_bridge_safe,dbdfb47e221ddd8c9f45f0ad268d380bd3f8c6fb2155bd8469807d85132a631c,93
cbbv2_514c0d360fd5b2a4b5fe,native_track_B0_uniform_random_random_native_confirmed_s057_b100,B0_uniform_random,random_native_confirmed,57,100,native_track_B0_uniform_random_random_native_confirmed_s057_b100_event_0000,570.0,570.0,580.0,580.0,57,57,1,0,oracle_confirmed,1.0,10.0,k3_bridge_safe,dbdfb47e221ddd8c9f45f0ad268d380bd3f8c6fb2155bd8469807d85132a631c,94
cbbv2_514c0d360fd5b2a4b5fe,native_track_B0_uniform_random_random_native_confirmed_s057_b100,B0_uniform_random,random_native_confirmed,57,100,native_track_B0_uniform_random_random_native_confirmed_s057_b100_event_0001,690.0,690.0,700.0,700.0,69,69,1,0,oracle_confirmed,1.0,10.0,k3_bridge_safe,dbdfb47e221ddd8c9f45f0ad268d380bd3f8c6fb2155bd8469807d85132a631c,94
cbbv2_514c0d360fd5b2a4b5fe,native_track_B0_uniform_random_random_native_confirmed_s057_b100,B0_uniform_random,random_native_confirmed,57,100,native_track_B0_uniform_random_random_native_confirmed_s057_b100_event_0002,750.0,750.0,760.0,760.0,75,75,1,0,oracle_confirmed,1.0,10.0,k3_bridge_safe,dbdfb47e221ddd8c9f45f0ad268d380bd3f8c6fb2155bd8469807d85132a631c,94
cbbv2_514c0d360fd5b2a4b5fe,native_track_B0_uniform_random_random_native_confirmed_s057_b100,B0_uniform_random,random_native_confirmed,57,100,native_track_B0_uniform_random_random_native_confirmed_s057_b100_event_0003,830.0,830.0,840.0,840.0,83,83,1,0,oracle_confirmed,1.0,10.0,k3_bridge_safe,dbdfb47e221ddd8c9f45f0ad268d380bd3f8c6fb2155bd8469807d85132a631c,94
cbbv2_514c0d360fd5b2a4b5fe,native_track_B0_uniform_random_random_native_confirmed_s057_b100,B0_uniform_random,random_native_confirmed,57,100,native_track_B0_uniform_random_random_native_confirmed_s057_b100_event_0004,1280.0,1280.0,1300.0,1300.0,128|129,128|129,2,0,oracle_confirmed,1.0,20.0,k3_bridge_safe,dbdfb47e221ddd8c9f45f0ad268d380bd3f8c6fb2155bd8469807d85132a631c,94
cbbv2_514c0d360fd5b2a4b5fe,native_track_B0_uniform_random_random_native_confirmed_s057_b100,B0_uniform_random,random_native_confirmed,57,100,native_track_B0_uniform_random_random_native_confirmed_s057_b100_event_0005,1610.0,1610.0,1620.0,1620.0,161,161,1,0,oracle_confirmed,1.0,10.0,k3_bridge_safe,dbdfb47e221ddd8c9f45f0ad268d380bd3f8c6fb2155bd8469807d85132a631c,94
cbbv2_514c0d360fd5b2a4b5fe,native_track_B0_uniform_random_random_native_confirmed_s057_b100,B0_uniform_random,random_native_confirmed,57,100,native_track_B0_uniform_random_random_native_confirmed_s057_b100_event_0006,1750.0,1750.0,1760.0,1760.0,175,175,1,0,oracle_confirmed,1.0,10.0,k3_bridge_safe,dbdfb47e221ddd8c9f45f0ad268d380bd3f8c6fb2155bd8469807d85132a631c,94
cbbv2_514c0d360fd5b2a4b5fe,native_track_B0_uniform_random_random_native_confirmed_s057_b100,B0_uniform_random,random_native_confirmed,57,100,native_track_B0_uniform_random_random_native_confirmed_s057_b100_event_0007,2830.0,2830.0,2840.0,2840.0,283,283,1,0,oracle_confirmed,1.0,10.0,k3_bridge_safe,dbdfb47e221ddd8c9f45f0ad268d380bd3f8c6fb2155bd8469807d85132a631c,94
cbbv2_514c0d360fd5b2a4b5fe,native_track_B0_uniform_random_random_native_confirmed_s057_b100,B0_uniform_random,random_native_confirmed,57,100,native_track_B0_uniform_random_random_native_confirmed_s057_b100_event_0008,2960.0,2960.0,2980.0,2980.0,296|297,296|297,2,0,oracle_confirmed,1.0,20.0,k3_bridge_safe,dbdfb47e221ddd8c9f45f0ad268d380bd3f8c6fb2155bd8469807d85132a631c,94
cbbv2_514c0d360fd5b2a4b5fe,native_track_B0_uniform_random_random_native_confirmed_s057_b100,B0_uniform_random,random_native_confirmed,57,100,native_track_B0_uniform_random_random_native_confirmed_s057_b100_event_0000,570.0,570.0,580.0,580.0,57,57,1,0,oracle_confirmed,1.0,10.0,k3_bridge_safe,dbdfb47e221ddd8c9f45f0ad268d380bd3f8c6fb2155bd8469807d85132a631c,95
cbbv2_514c0d360fd5b2a4b5fe,native_track_B0_uniform_random_random_native_confirmed_s057_b100,B0_uniform_random,random_native_confirmed,57,100,native_track_B0_uniform_random_random_native_confirmed_s057_b100_event_0001,690.0,690.0,700.0,700.0,69,69,1,0,oracle_confirmed,1.0,10.0,k3_bridge_safe,dbdfb47e221ddd8c9f45f0ad268d380bd3f8c6fb2155bd8469807d85132a631c,95
cbbv2_514c0d360fd5b2a4b5fe,native_track_B0_uniform_random_random_native_confirmed_s057_b100,B0_uniform_random,random_native_confirmed,57,100,native_track_B0_uniform_random_random_native_confirmed_s057_b100_event_0002,750.0,750.0,760.0,760.0,75,75,1,0,oracle_confirmed,1.0,10.0,k3_bridge_safe,dbdfb47e221ddd8c9f45f0ad268d380bd3f8c6fb2155bd8469807d85132a631c,95
cbbv2_514c0d360fd5b2a4b5fe,native_track_B0_uniform_random_random_native_confirmed_s057_b100,B0_uniform_random,random_native_confirmed,57,100,native_track_B0_uniform_random_random_native_confirmed_s057_b100_event_0003,830.0,830.0,840.0,840.0,83,83,1,0,oracle_confirmed,1.0,10.0,k3_bridge_safe,dbdfb47e221ddd8c9f45f0ad268d380bd3f8c6fb2155bd8469807d85132a631c,95
cbbv2_514c0d360fd5b2a4b5fe,native_track_B0_uniform_random_random_native_confirmed_s057_b100,B0_uniform_random,random_native_confirmed,57,100,native_track_B0_uniform_random_random_native_confirmed_s057_b100_event_0004,1280.0,1280.0,1300.0,1300.0,128|129,128|129,2,0,oracle_confirmed,1.0,20.0,k3_bridge_safe,dbdfb47e221ddd8c9f45f0ad268d380bd3f8c6fb2155bd8469807d85132a631c,95
cbbv2_514c0d360fd5b2a4b5fe,native_track_B0_uniform_random_random_native_confirmed_s057_b100,B0_uniform_random,random_native_confirmed,57,100,native_track_B0_uniform_random_random_native_confirmed_s057_b100_event_0005,1610.0,1610.0,1620.0,1620.0,161,161,1,0,oracle_confirmed,1.0,10.0,k3_bridge_safe,dbdfb47e221ddd8c9f45f0ad268d380bd3f8c6fb2155bd8469807d85132a631c,95
cbbv2_514c0d360fd5b2a4b5fe,native_track_B0_uniform_random_random_native_confirmed_s057_b100,B0_uniform_random,random_native_confirmed,57,100,native_track_B0_uniform_random_random_native_confirmed_s057_b100_event_0006,1720.0,1720.0,1730.0,1730.0,172,172,1,0,oracle_confirmed,1.0,10.0,k3_bridge_safe,dbdfb47e221ddd8c9f45f0ad268d380bd3f8c6fb2155bd8469807d85132a631c,95
cbbv2_514c0d360fd5b2a4b5fe,native_track_B0_uniform_random_random_native_confirmed_s057_b100,B0_uniform_random,random_native_confirmed,57,100,native_track_B0_uniform_random_random_native_confirmed_s057_b100_event_0007,1750.0,1750.0,1760.0,1760.0,175,175,1,0,oracle_confirmed,1.0,10.0,k3_bridge_safe,dbdfb47e221ddd8c9f45f0ad268d380bd3f8c6fb2155bd8469807d85132a631c,95
cbbv2_514c0d360fd5b2a4b5fe,native_track_B0_uniform_random_random_native_confirmed_s057_b100,B0_uniform_random,random_native_confirmed,57,100,native_track_B0_uniform_random_random_native_confirmed_s057_b100_event_0008,2830.0,2830.0,2840.0,2840.0,283,283,1,0,oracle_confirmed,1.0,10.0,k3_bridge_safe,dbdfb47e221ddd8c9f45f0ad268d380bd3f8c6fb2155bd8469807d85132a631c,95
cbbv2_514c0d360fd5b2a4b5fe,native_track_B0_uniform_random_random_native_confirmed_s057_b100,B0_uniform_random,random_native_confirmed,57,100,native_track_B0_uniform_random_random_native_confirmed_s057_b100_event_0009,2960.0,2960.0,2980.0,2980.0,296|297,296|297,2,0,oracle_confirmed,1.0,20.0,k3_bridge_safe,dbdfb47e221ddd8c9f45f0ad268d380bd3f8c6fb2155bd8469807d85132a631c,95
cbbv2_514c0d360fd5b2a4b5fe,native_track_B0_uniform_random_random_native_confirmed_s057_b100,B0_uniform_random,random_native_confirmed,57,100,native_track_B0_uniform_random_random_native_confirmed_s057_b100_event_0000,570.0,570.0,580.0,580.0,57,57,1,0,oracle_confirmed,1.0,10.0,k3_bridge_safe,dbdfb47e221ddd8c9f45f0ad268d380bd3f8c6fb2155bd8469807d85132a631c,96
cbbv2_514c0d360fd5b2a4b5fe,native_track_B0_uniform_random_random_native_confirmed_s057_b100,B0_uniform_random,random_native_confirmed,57,100,native_track_B0_uniform_random_random_native_confirmed_s057_b100_event_0001,690.0,690.0,700.0,700.0,69,69,1,0,oracle_confirmed,1.0,10.0,k3_bridge_safe,dbdfb47e221ddd8c9f45f0ad268d380bd3f8c6fb2155bd8469807d85132a631c,96
cbbv2_514c0d360fd5b2a4b5fe,native_track_B0_uniform_random_random_native_confirmed_s057_b100,B0_uniform_random,random_native_confirmed,57,100,native_track_B0_uniform_random_random_native_confirmed_s057_b100_event_0002,750.0,750.0,760.0,760.0,75,75,1,0,oracle_confirmed,1.0,10.0,k3_bridge_safe,dbdfb47e221ddd8c9f45f0ad268d380bd3f8c6fb2155bd8469807d85132a631c,96
cbbv2_514c0d360fd5b2a4b5fe,native_track_B0_uniform_random_random_native_confirmed_s057_b100,B0_uniform_random,random_native_confirmed,57,100,native_track_B0_uniform_random_random_native_confirmed_s057_b100_event_0003,830.0,830.0,840.0,840.0,83,83,1,0,oracle_confirmed,1.0,10.0,k3_bridge_safe,dbdfb47e221ddd8c9f45f0ad268d380bd3f8c6fb2155bd8469807d85132a631c,96
cbbv2_514c0d360fd5b2a4b5fe,native_track_B0_uniform_random_random_native_confirmed_s057_b100,B0_uniform_random,random_native_confirmed,57,100,native_track_B0_uniform_random_random_native_confirmed_s057_b100_event_0004,1280.0,1280.0,1300.0,1300.0,128|129,128|129,2,0,oracle_confirmed,1.0,20.0,k3_bridge_safe,dbdfb47e221ddd8c9f45f0ad268d380bd3f8c6fb2155bd8469807d85132a631c,96
cbbv2_514c0d360fd5b2a4b5fe,native_track_B0_uniform_random_random_native_confirmed_s057_b100,B0_uniform_random,random_native_confirmed,57,100,native_track_B0_uniform_random_random_native_confirmed_s057_b100_event_0005,1610.0,1610.0,1620.0,1620.0,161,161,1,0,oracle_confirmed,1.0,10.0,k3_bridge_safe,dbdfb47e221ddd8c9f45f0ad268d380bd3f8c6fb2155bd8469807d85132a631c,96
cbbv2_514c0d360fd5b2a4b5fe,native_track_B0_uniform_random_random_native_confirmed_s057_b100,B0_uniform_random,random_native_confirmed,57,100,native_track_B0_uniform_random_random_native_confirmed_s057_b100_event_0006,1720.0,1720.0,1730.0,1730.0,172,172,1,0,oracle_confirmed,1.0,10.0,k3_bridge_safe,dbdfb47e221ddd8c9f45f0ad268d380bd3f8c6fb2155bd8469807d85132a631c,96
cbbv2_514c0d360fd5b2a4b5fe,native_track_B0_uniform_random_random_native_confirmed_s057_b100,B0_uniform_random,random_native_confirmed,57,100,native_track_B0_uniform_random_random_native_confirmed_s057_b100_event_0007,1750.0,1750.0,1760.0,1760.0,175,175,1,0,oracle_confirmed,1.0,10.0,k3_bridge_safe,dbdfb47e221ddd8c9f45f0ad268d380bd3f8c6fb2155bd8469807d85132a631c,96
cbbv2_514c0d360fd5b2a4b5fe,native_track_B0_uniform_random_random_native_confirmed_s057_b100,B0_uniform_random,random_native_confirmed,57,100,native_track_B0_uniform_random_random_native_confirmed_s057_b100_event_0008,2830.0,2830.0,2840.0,2840.0,283,283,1,0,oracle_confirmed,1.0,10.0,k3_bridge_safe,dbdfb47e221ddd8c9f45f0ad268d380bd3f8c6fb2155bd8469807d85132a631c,96
cbbv2_514c0d360fd5b2a4b5fe,native_track_B0_uniform_random_random_native_confirmed_s057_b100,B0_uniform_random,random_native_confirmed,57,100,native_track_B0_uniform_random_random_native_confirmed_s057_b100_event_0009,2960.0,2960.0,2980.0,2980.0,296|297,296|297,2,0,oracle_confirmed,1.0,20.0,k3_bridge_safe,dbdfb47e221ddd8c9f45f0ad268d380bd3f8c6fb2155bd8469807d85132a631c,96
cbbv2_514c0d360fd5b2a4b5fe,native_track_B0_uniform_random_random_native_confirmed_s057_b100,B0_uniform_random,random_native_confirmed,57,100,native_track_B0_uniform_random_random_native_confirmed_s057_b100_event_0000,570.0,570.0,580.0,580.0,57,57,1,0,oracle_confirmed,1.0,10.0,k3_bridge_safe,dbdfb47e221ddd8c9f45f0ad268d380bd3f8c6fb2155bd8469807d85132a631c,97
cbbv2_514c0d360fd5b2a4b5fe,native_track_B0_uniform_random_random_native_confirmed_s057_b100,B0_uniform_random,random_native_confirmed,57,100,native_track_B0_uniform_random_random_native_confirmed_s057_b100_event_0001,690.0,690.0,700.0,700.0,69,69,1,0,oracle_confirmed,1.0,10.0,k3_bridge_safe,dbdfb47e221ddd8c9f45f0ad268d380bd3f8c6fb2155bd8469807d85132a631c,97
cbbv2_514c0d360fd5b2a4b5fe,native_track_B0_uniform_random_random_native_confirmed_s057_b100,B0_uniform_random,random_native_confirmed,57,100,native_track_B0_uniform_random_random_native_confirmed_s057_b100_event_0002,750.0,750.0,760.0,760.0,75,75,1,0,oracle_confirmed,1.0,10.0,k3_bridge_safe,dbdfb47e221ddd8c9f45f0ad268d380bd3f8c6fb2155bd8469807d85132a631c,97
cbbv2_514c0d360fd5b2a4b5fe,native_track_B0_uniform_random_random_native_confirmed_s057_b100,B0_uniform_random,random_native_confirmed,57,100,native_track_B0_uniform_random_random_native_confirmed_s057_b100_event_0003,830.0,830.0,840.0,840.0,83,83,1,0,oracle_confirmed,1.0,10.0,k3_bridge_safe,dbdfb47e221ddd8c9f45f0ad268d380bd3f8c6fb2155bd8469807d85132a631c,97
cbbv2_514c0d360fd5b2a4b5fe,native_track_B0_uniform_random_random_native_confirmed_s057_b100,B0_uniform_random,random_native_confirmed,57,100,native_track_B0_uniform_random_random_native_confirmed_s057_b100_event_0004,1280.0,1280.0,1300.0,1300.0,128|129,128|129,2,0,oracle_confirmed,1.0,20.0,k3_bridge_safe,dbdfb47e221ddd8c9f45f0ad268d380bd3f8c6fb2155bd8469807d85132a631c,97
cbbv2_514c0d360fd5b2a4b5fe,native_track_B0_uniform_random_random_native_confirmed_s057_b100,B0_uniform_random,random_native_confirmed,57,100,native_track_B0_uniform_random_random_native_confirmed_s057_b100_event_0005,1610.0,1610.0,1620.0,1620.0,161,161,1,0,oracle_confirmed,1.0,10.0,k3_bridge_safe,dbdfb47e221ddd8c9f45f0ad268d380bd3f8c6fb2155bd8469807d85132a631c,97
cbbv2_514c0d360fd5b2a4b5fe,native_track_B0_uniform_random_random_native_confirmed_s057_b100,B0_uniform_random,random_native_confirmed,57,100,native_track_B0_uniform_random_random_native_confirmed_s057_b100_event_0006,1720.0,1720.0,1730.0,1730.0,172,172,1,0,oracle_confirmed,1.0,10.0,k3_bridge_safe,dbdfb47e221ddd8c9f45f0ad268d380bd3f8c6fb2155bd8469807d85132a631c,97
cbbv2_514c0d360fd5b2a4b5fe,native_track_B0_uniform_random_random_native_confirmed_s057_b100,B0_uniform_random,random_native_confirmed,57,100,native_track_B0_uniform_random_random_native_confirmed_s057_b100_event_0007,1750.0,1750.0,1760.0,1760.0,175,175,1,0,oracle_confirmed,1.0,10.0,k3_bridge_safe,dbdfb47e221ddd8c9f45f0ad268d380bd3f8c6fb2155bd8469807d85132a631c,97
cbbv2_514c0d360fd5b2a4b5fe,native_track_B0_uniform_random_random_native_confirmed_s057_b100,B0_uniform_random,random_native_confirmed,57,100,native_track_B0_uniform_random_random_native_confirmed_s057_b100_event_0008,2830.0,2830.0,2840.0,2840.0,283,283,1,0,oracle_confirmed,1.0,10.0,k3_bridge_safe,dbdfb47e221ddd8c9f45f0ad268d380bd3f8c6fb2155bd8469807d85132a631c,97
cbbv2_514c0d360fd5b2a4b5fe,native_track_B0_uniform_random_random_native_confirmed_s057_b100,B0_uniform_random,random_native_confirmed,57,100,native_track_B0_uniform_random_random_native_confirmed_s057_b100_event_0009,2960.0,2960.0,2980.0,2980.0,296|297,296|297,2,0,oracle_confirmed,1.0,20.0,k3_bridge_safe,dbdfb47e221ddd8c9f45f0ad268d380bd3f8c6fb2155bd8469807d85132a631c,97
cbbv2_514c0d360fd5b2a4b5fe,native_track_B0_uniform_random_random_native_confirmed_s057_b100,B0_uniform_random,random_native_confirmed,57,100,native_track_B0_uniform_random_random_native_confirmed_s057_b100_event_0000,570.0,570.0,580.0,580.0,57,57,1,0,oracle_confirmed,1.0,10.0,k3_bridge_safe,dbdfb47e221ddd8c9f45f0ad268d380bd3f8c6fb2155bd8469807d85132a631c,98
cbbv2_514c0d360fd5b2a4b5fe,native_track_B0_uniform_random_random_native_confirmed_s057_b100,B0_uniform_random,random_native_confirmed,57,100,native_track_B0_uniform_random_random_native_confirmed_s057_b100_event_0001,690.0,690.0,700.0,700.0,69,69,1,0,oracle_confirmed,1.0,10.0,k3_bridge_safe,dbdfb47e221ddd8c9f45f0ad268d380bd3f8c6fb2155bd8469807d85132a631c,98
cbbv2_514c0d360fd5b2a4b5fe,native_track_B0_uniform_random_random_native_confirmed_s057_b100,B0_uniform_random,random_native_confirmed,57,100,native_track_B0_uniform_random_random_native_confirmed_s057_b100_event_0002,750.0,750.0,760.0,760.0,75,75,1,0,oracle_confirmed,1.0,10.0,k3_bridge_safe,dbdfb47e221ddd8c9f45f0ad268d380bd3f8c6fb2155bd8469807d85132a631c,98
cbbv2_514c0d360fd5b2a4b5fe,native_track_B0_uniform_random_random_native_confirmed_s057_b100,B0_uniform_random,random_native_confirmed,57,100,native_track_B0_uniform_random_random_native_confirmed_s057_b100_event_0003,830.0,830.0,840.0,840.0,83,83,1,0,oracle_confirmed,1.0,10.0,k3_bridge_safe,dbdfb47e221ddd8c9f45f0ad268d380bd3f8c6fb2155bd8469807d85132a631c,98
cbbv2_514c0d360fd5b2a4b5fe,native_track_B0_uniform_random_random_native_confirmed_s057_b100,B0_uniform_random,random_native_confirmed,57,100,native_track_B0_uniform_random_random_native_confirmed_s057_b100_event_0004,1280.0,1280.0,1300.0,1300.0,128|129,128|129,2,0,oracle_confirmed,1.0,20.0,k3_bridge_safe,dbdfb47e221ddd8c9f45f0ad268d380bd3f8c6fb2155bd8469807d85132a631c,98
cbbv2_514c0d360fd5b2a4b5fe,native_track_B0_uniform_random_random_native_confirmed_s057_b100,B0_uniform_random,random_native_confirmed,57,100,native_track_B0_uniform_random_random_native_confirmed_s057_b100_event_0005,1610.0,1610.0,1620.0,1620.0,161,161,1,0,oracle_confirmed,1.0,10.0,k3_bridge_safe,dbdfb47e221ddd8c9f45f0ad268d380bd3f8c6fb2155bd8469807d85132a631c,98
cbbv2_514c0d360fd5b2a4b5fe,native_track_B0_uniform_random_random_native_confirmed_s057_b100,B0_uniform_random,random_native_confirmed,57,100,native_track_B0_uniform_random_random_native_confirmed_s057_b100_event_0006,1720.0,1720.0,1730.0,1730.0,172,172,1,0,oracle_confirmed,1.0,10.0,k3_bridge_safe,dbdfb47e221ddd8c9f45f0ad268d380bd3f8c6fb2155bd8469807d85132a631c,98
cbbv2_514c0d360fd5b2a4b5fe,native_track_B0_uniform_random_random_native_confirmed_s057_b100,B0_uniform_random,random_native_confirmed,57,100,native_track_B0_uniform_random_random_native_confirmed_s057_b100_event_0007,1750.0,1750.0,1760.0,1760.0,175,175,1,0,oracle_confirmed,1.0,10.0,k3_bridge_safe,dbdfb47e221ddd8c9f45f0ad268d380bd3f8c6fb2155bd8469807d85132a631c,98
cbbv2_514c0d360fd5b2a4b5fe,native_track_B0_uniform_random_random_native_confirmed_s057_b100,B0_uniform_random,random_native_confirmed,57,100,native_track_B0_uniform_random_random_native_confirmed_s057_b100_event_0008,1780.0,1780.0,1790.0,1790.0,178,178,1,0,oracle_confirmed,1.0,10.0,k3_bridge_safe,dbdfb47e221ddd8c9f45f0ad268d380bd3f8c6fb2155bd8469807d85132a631c,98
cbbv2_514c0d360fd5b2a4b5fe,native_track_B0_uniform_random_random_native_confirmed_s057_b100,B0_uniform_random,random_native_confirmed,57,100,native_track_B0_uniform_random_random_native_confirmed_s057_b100_event_0009,2830.0,2830.0,2840.0,2840.0,283,283,1,0,oracle_confirmed,1.0,10.0,k3_bridge_safe,dbdfb47e221ddd8c9f45f0ad268d380bd3f8c6fb2155bd8469807d85132a631c,98
cbbv2_514c0d360fd5b2a4b5fe,native_track_B0_uniform_random_random_native_confirmed_s057_b100,B0_uniform_random,random_native_confirmed,57,100,native_track_B0_uniform_random_random_native_confirmed_s057_b100_event_0010,2960.0,2960.0,2980.0,2980.0,296|297,296|297,2,0,oracle_confirmed,1.0,20.0,k3_bridge_safe,dbdfb47e221ddd8c9f45f0ad268d380bd3f8c6fb2155bd8469807d85132a631c,98
cbbv2_514c0d360fd5b2a4b5fe,native_track_B0_uniform_random_random_native_confirmed_s057_b100,B0_uniform_random,random_native_confirmed,57,100,native_track_B0_uniform_random_random_native_confirmed_s057_b100_event_0000,570.0,570.0,580.0,580.0,57,57,1,0,oracle_confirmed,1.0,10.0,k3_bridge_safe,dbdfb47e221ddd8c9f45f0ad268d380bd3f8c6fb2155bd8469807d85132a631c,99
cbbv2_514c0d360fd5b2a4b5fe,native_track_B0_uniform_random_random_native_confirmed_s057_b100,B0_uniform_random,random_native_confirmed,57,100,native_track_B0_uniform_random_random_native_confirmed_s057_b100_event_0001,690.0,690.0,700.0,700.0,69,69,1,0,oracle_confirmed,1.0,10.0,k3_bridge_safe,dbdfb47e221ddd8c9f45f0ad268d380bd3f8c6fb2155bd8469807d85132a631c,99
cbbv2_514c0d360fd5b2a4b5fe,native_track_B0_uniform_random_random_native_confirmed_s057_b100,B0_uniform_random,random_native_confirmed,57,100,native_track_B0_uniform_random_random_native_confirmed_s057_b100_event_0002,750.0,750.0,760.0,760.0,75,75,1,0,oracle_confirmed,1.0,10.0,k3_bridge_safe,dbdfb47e221ddd8c9f45f0ad268d380bd3f8c6fb2155bd8469807d85132a631c,99
cbbv2_514c0d360fd5b2a4b5fe,native_track_B0_uniform_random_random_native_confirmed_s057_b100,B0_uniform_random,random_native_confirmed,57,100,native_track_B0_uniform_random_random_native_confirmed_s057_b100_event_0003,830.0,830.0,840.0,840.0,83,83,1,0,oracle_confirmed,1.0,10.0,k3_bridge_safe,dbdfb47e221ddd8c9f45f0ad268d380bd3f8c6fb2155bd8469807d85132a631c,99
cbbv2_514c0d360fd5b2a4b5fe,native_track_B0_uniform_random_random_native_confirmed_s057_b100,B0_uniform_random,random_native_confirmed,57,100,native_track_B0_uniform_random_random_native_confirmed_s057_b100_event_0004,1280.0,1280.0,1300.0,1300.0,128|129,128|129,2,0,oracle_confirmed,1.0,20.0,k3_bridge_safe,dbdfb47e221ddd8c9f45f0ad268d380bd3f8c6fb2155bd8469807d85132a631c,99
cbbv2_514c0d360fd5b2a4b5fe,native_track_B0_uniform_random_random_native_confirmed_s057_b100,B0_uniform_random,random_native_confirmed,57,100,native_track_B0_uniform_random_random_native_confirmed_s057_b100_event_0005,1610.0,1610.0,1620.0,1620.0,161,161,1,0,oracle_confirmed,1.0,10.0,k3_bridge_safe,dbdfb47e221ddd8c9f45f0ad268d380bd3f8c6fb2155bd8469807d85132a631c,99
cbbv2_514c0d360fd5b2a4b5fe,native_track_B0_uniform_random_random_native_confirmed_s057_b100,B0_uniform_random,random_native_confirmed,57,100,native_track_B0_uniform_random_random_native_confirmed_s057_b100_event_0006,1720.0,1720.0,1730.0,1730.0,172,172,1,0,oracle_confirmed,1.0,10.0,k3_bridge_safe,dbdfb47e221ddd8c9f45f0ad268d380bd3f8c6fb2155bd8469807d85132a631c,99
cbbv2_514c0d360fd5b2a4b5fe,native_track_B0_uniform_random_random_native_confirmed_s057_b100,B0_uniform_random,random_native_confirmed,57,100,native_track_B0_uniform_random_random_native_confirmed_s057_b100_event_0007,1750.0,1750.0,1760.0,1760.0,175,175,1,0,oracle_confirmed,1.0,10.0,k3_bridge_safe,dbdfb47e221ddd8c9f45f0ad268d380bd3f8c6fb2155bd8469807d85132a631c,99
cbbv2_514c0d360fd5b2a4b5fe,native_track_B0_uniform_random_random_native_confirmed_s057_b100,B0_uniform_random,random_native_confirmed,57,100,native_track_B0_uniform_random_random_native_confirmed_s057_b100_event_0008,1780.0,1780.0,1790.0,1790.0,178,178,1,0,oracle_confirmed,1.0,10.0,k3_bridge_safe,dbdfb47e221ddd8c9f45f0ad268d380bd3f8c6fb2155bd8469807d85132a631c,99
cbbv2_514c0d360fd5b2a4b5fe,native_track_B0_uniform_random_random_native_confirmed_s057_b100,B0_uniform_random,random_native_confirmed,57,100,native_track_B0_uniform_random_random_native_confirmed_s057_b100_event_0009,2830.0,2830.0,2840.0,2840.0,283,283,1,0,oracle_confirmed,1.0,10.0,k3_bridge_safe,dbdfb47e221ddd8c9f45f0ad268d380bd3f8c6fb2155bd8469807d85132a631c,99
cbbv2_514c0d360fd5b2a4b5fe,native_track_B0_uniform_random_random_native_confirmed_s057_b100,B0_uniform_random,random_native_confirmed,57,100,native_track_B0_uniform_random_random_native_confirmed_s057_b100_event_0010,2960.0,2960.0,2980.0,2980.0,296|297,296|297,2,0,oracle_confirmed,1.0,20.0,k3_bridge_safe,dbdfb47e221ddd8c9f45f0ad268d380bd3f8c6fb2155bd8469807d85132a631c,99
