family,method,budget,seed,selected_threshold,output_dir,status,note,command
baseline,ARC-proxy-only,5,0,0.1,outputs/ours_vs_baselines_realcartest_v1/baseline_outputs/ARC_proxy_only_b5_s0_th0.1,PASS,,python /qiuyeqing/llama_prl/G-ARC/refe_repos/adapter/arc_baseline/run.py --input /qiuyeqing/llama_prl/G-ARC/outputs/real_video_protocol_pilot_v1/frame_scores_adapter_ready.csv --output-dir /qiuyeqing/llama_prl/G-ARC/outputs/ours_vs_baselines_realcartest_v1/baseline_outputs/ARC_proxy_only_b5_s0_th0.1 --reference-segments /qiuyeqing/llama_prl/G-ARC/outputs/real_video_protocol_pilot_v1/reference_segments_adapter_ready.csv --budget 5 --seed 0 --run-id ARC_proxy_only_b5_s0_th0.1 --variant proxy-only --threshold 0.1
baseline,ARC-proxy-only,5,0,0.2,outputs/ours_vs_baselines_realcartest_v1/baseline_outputs/ARC_proxy_only_b5_s0_th0.2,PASS,,python /qiuyeqing/llama_prl/G-ARC/refe_repos/adapter/arc_baseline/run.py --input /qiuyeqing/llama_prl/G-ARC/outputs/real_video_protocol_pilot_v1/frame_scores_adapter_ready.csv --output-dir /qiuyeqing/llama_prl/G-ARC/outputs/ours_vs_baselines_realcartest_v1/baseline_outputs/ARC_proxy_only_b5_s0_th0.2 --reference-segments /qiuyeqing/llama_prl/G-ARC/outputs/real_video_protocol_pilot_v1/reference_segments_adapter_ready.csv --budget 5 --seed 0 --run-id ARC_proxy_only_b5_s0_th0.2 --variant proxy-only --threshold 0.2
baseline,ARC-proxy-only,5,0,0.3,outputs/ours_vs_baselines_realcartest_v1/baseline_outputs/ARC_proxy_only_b5_s0_th0.3,PASS,,python /qiuyeqing/llama_prl/G-ARC/refe_repos/adapter/arc_baseline/run.py --input /qiuyeqing/llama_prl/G-ARC/outputs/real_video_protocol_pilot_v1/frame_scores_adapter_ready.csv --output-dir /qiuyeqing/llama_prl/G-ARC/outputs/ours_vs_baselines_realcartest_v1/baseline_outputs/ARC_proxy_only_b5_s0_th0.3 --reference-segments /qiuyeqing/llama_prl/G-ARC/outputs/real_video_protocol_pilot_v1/reference_segments_adapter_ready.csv --budget 5 --seed 0 --run-id ARC_proxy_only_b5_s0_th0.3 --variant proxy-only --threshold 0.3
baseline,ARC-proxy-only,5,0,0.4,outputs/ours_vs_baselines_realcartest_v1/baseline_outputs/ARC_proxy_only_b5_s0_th0.4,PASS,,python /qiuyeqing/llama_prl/G-ARC/refe_repos/adapter/arc_baseline/run.py --input /qiuyeqing/llama_prl/G-ARC/outputs/real_video_protocol_pilot_v1/frame_scores_adapter_ready.csv --output-dir /qiuyeqing/llama_prl/G-ARC/outputs/ours_vs_baselines_realcartest_v1/baseline_outputs/ARC_proxy_only_b5_s0_th0.4 --reference-segments /qiuyeqing/llama_prl/G-ARC/outputs/real_video_protocol_pilot_v1/reference_segments_adapter_ready.csv --budget 5 --seed 0 --run-id ARC_proxy_only_b5_s0_th0.4 --variant proxy-only --threshold 0.4
baseline,ARC-proxy-only,5,0,0.5,outputs/ours_vs_baselines_realcartest_v1/baseline_outputs/ARC_proxy_only_b5_s0_th0.5,PASS,,python /qiuyeqing/llama_prl/G-ARC/refe_repos/adapter/arc_baseline/run.py --input /qiuyeqing/llama_prl/G-ARC/outputs/real_video_protocol_pilot_v1/frame_scores_adapter_ready.csv --output-dir /qiuyeqing/llama_prl/G-ARC/outputs/ours_vs_baselines_realcartest_v1/baseline_outputs/ARC_proxy_only_b5_s0_th0.5 --reference-segments /qiuyeqing/llama_prl/G-ARC/outputs/real_video_protocol_pilot_v1/reference_segments_adapter_ready.csv --budget 5 --seed 0 --run-id ARC_proxy_only_b5_s0_th0.5 --variant proxy-only --threshold 0.5
baseline,ARC-proxy-only,10,0,0.1,outputs/ours_vs_baselines_realcartest_v1/baseline_outputs/ARC_proxy_only_b10_s0_th0.1,PASS,,python /qiuyeqing/llama_prl/G-ARC/refe_repos/adapter/arc_baseline/run.py --input /qiuyeqing/llama_prl/G-ARC/outputs/real_video_protocol_pilot_v1/frame_scores_adapter_ready.csv --output-dir /qiuyeqing/llama_prl/G-ARC/outputs/ours_vs_baselines_realcartest_v1/baseline_outputs/ARC_proxy_only_b10_s0_th0.1 --reference-segments /qiuyeqing/llama_prl/G-ARC/outputs/real_video_protocol_pilot_v1/reference_segments_adapter_ready.csv --budget 10 --seed 0 --run-id ARC_proxy_only_b10_s0_th0.1 --variant proxy-only --threshold 0.1
baseline,ARC-proxy-only,10,0,0.2,outputs/ours_vs_baselines_realcartest_v1/baseline_outputs/ARC_proxy_only_b10_s0_th0.2,PASS,,python /qiuyeqing/llama_prl/G-ARC/refe_repos/adapter/arc_baseline/run.py --input /qiuyeqing/llama_prl/G-ARC/outputs/real_video_protocol_pilot_v1/frame_scores_adapter_ready.csv --output-dir /qiuyeqing/llama_prl/G-ARC/outputs/ours_vs_baselines_realcartest_v1/baseline_outputs/ARC_proxy_only_b10_s0_th0.2 --reference-segments /qiuyeqing/llama_prl/G-ARC/outputs/real_video_protocol_pilot_v1/reference_segments_adapter_ready.csv --budget 10 --seed 0 --run-id ARC_proxy_only_b10_s0_th0.2 --variant proxy-only --threshold 0.2
baseline,ARC-proxy-only,10,0,0.3,outputs/ours_vs_baselines_realcartest_v1/baseline_outputs/ARC_proxy_only_b10_s0_th0.3,PASS,,python /qiuyeqing/llama_prl/G-ARC/refe_repos/adapter/arc_baseline/run.py --input /qiuyeqing/llama_prl/G-ARC/outputs/real_video_protocol_pilot_v1/frame_scores_adapter_ready.csv --output-dir /qiuyeqing/llama_prl/G-ARC/outputs/ours_vs_baselines_realcartest_v1/baseline_outputs/ARC_proxy_only_b10_s0_th0.3 --reference-segments /qiuyeqing/llama_prl/G-ARC/outputs/real_video_protocol_pilot_v1/reference_segments_adapter_ready.csv --budget 10 --seed 0 --run-id ARC_proxy_only_b10_s0_th0.3 --variant proxy-only --threshold 0.3
baseline,ARC-proxy-only,10,0,0.4,outputs/ours_vs_baselines_realcartest_v1/baseline_outputs/ARC_proxy_only_b10_s0_th0.4,PASS,,python /qiuyeqing/llama_prl/G-ARC/refe_repos/adapter/arc_baseline/run.py --input /qiuyeqing/llama_prl/G-ARC/outputs/real_video_protocol_pilot_v1/frame_scores_adapter_ready.csv --output-dir /qiuyeqing/llama_prl/G-ARC/outputs/ours_vs_baselines_realcartest_v1/baseline_outputs/ARC_proxy_only_b10_s0_th0.4 --reference-segments /qiuyeqing/llama_prl/G-ARC/outputs/real_video_protocol_pilot_v1/reference_segments_adapter_ready.csv --budget 10 --seed 0 --run-id ARC_proxy_only_b10_s0_th0.4 --variant proxy-only --threshold 0.4
baseline,ARC-proxy-only,10,0,0.5,outputs/ours_vs_baselines_realcartest_v1/baseline_outputs/ARC_proxy_only_b10_s0_th0.5,PASS,,python /qiuyeqing/llama_prl/G-ARC/refe_repos/adapter/arc_baseline/run.py --input /qiuyeqing/llama_prl/G-ARC/outputs/real_video_protocol_pilot_v1/frame_scores_adapter_ready.csv --output-dir /qiuyeqing/llama_prl/G-ARC/outputs/ours_vs_baselines_realcartest_v1/baseline_outputs/ARC_proxy_only_b10_s0_th0.5 --reference-segments /qiuyeqing/llama_prl/G-ARC/outputs/real_video_protocol_pilot_v1/reference_segments_adapter_ready.csv --budget 10 --seed 0 --run-id ARC_proxy_only_b10_s0_th0.5 --variant proxy-only --threshold 0.5
baseline,ARC-proxy-only,20,0,0.1,outputs/ours_vs_baselines_realcartest_v1/baseline_outputs/ARC_proxy_only_b20_s0_th0.1,PASS,,python /qiuyeqing/llama_prl/G-ARC/refe_repos/adapter/arc_baseline/run.py --input /qiuyeqing/llama_prl/G-ARC/outputs/real_video_protocol_pilot_v1/frame_scores_adapter_ready.csv --output-dir /qiuyeqing/llama_prl/G-ARC/outputs/ours_vs_baselines_realcartest_v1/baseline_outputs/ARC_proxy_only_b20_s0_th0.1 --reference-segments /qiuyeqing/llama_prl/G-ARC/outputs/real_video_protocol_pilot_v1/reference_segments_adapter_ready.csv --budget 20 --seed 0 --run-id ARC_proxy_only_b20_s0_th0.1 --variant proxy-only --threshold 0.1
baseline,ARC-proxy-only,20,0,0.2,outputs/ours_vs_baselines_realcartest_v1/baseline_outputs/ARC_proxy_only_b20_s0_th0.2,PASS,,python /qiuyeqing/llama_prl/G-ARC/refe_repos/adapter/arc_baseline/run.py --input /qiuyeqing/llama_prl/G-ARC/outputs/real_video_protocol_pilot_v1/frame_scores_adapter_ready.csv --output-dir /qiuyeqing/llama_prl/G-ARC/outputs/ours_vs_baselines_realcartest_v1/baseline_outputs/ARC_proxy_only_b20_s0_th0.2 --reference-segments /qiuyeqing/llama_prl/G-ARC/outputs/real_video_protocol_pilot_v1/reference_segments_adapter_ready.csv --budget 20 --seed 0 --run-id ARC_proxy_only_b20_s0_th0.2 --variant proxy-only --threshold 0.2
baseline,ARC-proxy-only,20,0,0.3,outputs/ours_vs_baselines_realcartest_v1/baseline_outputs/ARC_proxy_only_b20_s0_th0.3,PASS,,python /qiuyeqing/llama_prl/G-ARC/refe_repos/adapter/arc_baseline/run.py --input /qiuyeqing/llama_prl/G-ARC/outputs/real_video_protocol_pilot_v1/frame_scores_adapter_ready.csv --output-dir /qiuyeqing/llama_prl/G-ARC/outputs/ours_vs_baselines_realcartest_v1/baseline_outputs/ARC_proxy_only_b20_s0_th0.3 --reference-segments /qiuyeqing/llama_prl/G-ARC/outputs/real_video_protocol_pilot_v1/reference_segments_adapter_ready.csv --budget 20 --seed 0 --run-id ARC_proxy_only_b20_s0_th0.3 --variant proxy-only --threshold 0.3
baseline,ARC-proxy-only,20,0,0.4,outputs/ours_vs_baselines_realcartest_v1/baseline_outputs/ARC_proxy_only_b20_s0_th0.4,PASS,,python /qiuyeqing/llama_prl/G-ARC/refe_repos/adapter/arc_baseline/run.py --input /qiuyeqing/llama_prl/G-ARC/outputs/real_video_protocol_pilot_v1/frame_scores_adapter_ready.csv --output-dir /qiuyeqing/llama_prl/G-ARC/outputs/ours_vs_baselines_realcartest_v1/baseline_outputs/ARC_proxy_only_b20_s0_th0.4 --reference-segments /qiuyeqing/llama_prl/G-ARC/outputs/real_video_protocol_pilot_v1/reference_segments_adapter_ready.csv --budget 20 --seed 0 --run-id ARC_proxy_only_b20_s0_th0.4 --variant proxy-only --threshold 0.4
baseline,ARC-proxy-only,20,0,0.5,outputs/ours_vs_baselines_realcartest_v1/baseline_outputs/ARC_proxy_only_b20_s0_th0.5,PASS,,python /qiuyeqing/llama_prl/G-ARC/refe_repos/adapter/arc_baseline/run.py --input /qiuyeqing/llama_prl/G-ARC/outputs/real_video_protocol_pilot_v1/frame_scores_adapter_ready.csv --output-dir /qiuyeqing/llama_prl/G-ARC/outputs/ours_vs_baselines_realcartest_v1/baseline_outputs/ARC_proxy_only_b20_s0_th0.5 --reference-segments /qiuyeqing/llama_prl/G-ARC/outputs/real_video_protocol_pilot_v1/reference_segments_adapter_ready.csv --budget 20 --seed 0 --run-id ARC_proxy_only_b20_s0_th0.5 --variant proxy-only --threshold 0.5
baseline,ARC-proxy-only,30,0,0.1,outputs/ours_vs_baselines_realcartest_v1/baseline_outputs/ARC_proxy_only_b30_s0_th0.1,PASS,,python /qiuyeqing/llama_prl/G-ARC/refe_repos/adapter/arc_baseline/run.py --input /qiuyeqing/llama_prl/G-ARC/outputs/real_video_protocol_pilot_v1/frame_scores_adapter_ready.csv --output-dir /qiuyeqing/llama_prl/G-ARC/outputs/ours_vs_baselines_realcartest_v1/baseline_outputs/ARC_proxy_only_b30_s0_th0.1 --reference-segments /qiuyeqing/llama_prl/G-ARC/outputs/real_video_protocol_pilot_v1/reference_segments_adapter_ready.csv --budget 30 --seed 0 --run-id ARC_proxy_only_b30_s0_th0.1 --variant proxy-only --threshold 0.1
baseline,ARC-proxy-only,30,0,0.2,outputs/ours_vs_baselines_realcartest_v1/baseline_outputs/ARC_proxy_only_b30_s0_th0.2,PASS,,python /qiuyeqing/llama_prl/G-ARC/refe_repos/adapter/arc_baseline/run.py --input /qiuyeqing/llama_prl/G-ARC/outputs/real_video_protocol_pilot_v1/frame_scores_adapter_ready.csv --output-dir /qiuyeqing/llama_prl/G-ARC/outputs/ours_vs_baselines_realcartest_v1/baseline_outputs/ARC_proxy_only_b30_s0_th0.2 --reference-segments /qiuyeqing/llama_prl/G-ARC/outputs/real_video_protocol_pilot_v1/reference_segments_adapter_ready.csv --budget 30 --seed 0 --run-id ARC_proxy_only_b30_s0_th0.2 --variant proxy-only --threshold 0.2
baseline,ARC-proxy-only,30,0,0.3,outputs/ours_vs_baselines_realcartest_v1/baseline_outputs/ARC_proxy_only_b30_s0_th0.3,PASS,,python /qiuyeqing/llama_prl/G-ARC/refe_repos/adapter/arc_baseline/run.py --input /qiuyeqing/llama_prl/G-ARC/outputs/real_video_protocol_pilot_v1/frame_scores_adapter_ready.csv --output-dir /qiuyeqing/llama_prl/G-ARC/outputs/ours_vs_baselines_realcartest_v1/baseline_outputs/ARC_proxy_only_b30_s0_th0.3 --reference-segments /qiuyeqing/llama_prl/G-ARC/outputs/real_video_protocol_pilot_v1/reference_segments_adapter_ready.csv --budget 30 --seed 0 --run-id ARC_proxy_only_b30_s0_th0.3 --variant proxy-only --threshold 0.3
baseline,ARC-proxy-only,30,0,0.4,outputs/ours_vs_baselines_realcartest_v1/baseline_outputs/ARC_proxy_only_b30_s0_th0.4,PASS,,python /qiuyeqing/llama_prl/G-ARC/refe_repos/adapter/arc_baseline/run.py --input /qiuyeqing/llama_prl/G-ARC/outputs/real_video_protocol_pilot_v1/frame_scores_adapter_ready.csv --output-dir /qiuyeqing/llama_prl/G-ARC/outputs/ours_vs_baselines_realcartest_v1/baseline_outputs/ARC_proxy_only_b30_s0_th0.4 --reference-segments /qiuyeqing/llama_prl/G-ARC/outputs/real_video_protocol_pilot_v1/reference_segments_adapter_ready.csv --budget 30 --seed 0 --run-id ARC_proxy_only_b30_s0_th0.4 --variant proxy-only --threshold 0.4
baseline,ARC-proxy-only,30,0,0.5,outputs/ours_vs_baselines_realcartest_v1/baseline_outputs/ARC_proxy_only_b30_s0_th0.5,PASS,,python /qiuyeqing/llama_prl/G-ARC/refe_repos/adapter/arc_baseline/run.py --input /qiuyeqing/llama_prl/G-ARC/outputs/real_video_protocol_pilot_v1/frame_scores_adapter_ready.csv --output-dir /qiuyeqing/llama_prl/G-ARC/outputs/ours_vs_baselines_realcartest_v1/baseline_outputs/ARC_proxy_only_b30_s0_th0.5 --reference-segments /qiuyeqing/llama_prl/G-ARC/outputs/real_video_protocol_pilot_v1/reference_segments_adapter_ready.csv --budget 30 --seed 0 --run-id ARC_proxy_only_b30_s0_th0.5 --variant proxy-only --threshold 0.5
baseline,ARC-proxy-only,40,0,0.1,outputs/ours_vs_baselines_realcartest_v1/baseline_outputs/ARC_proxy_only_b40_s0_th0.1,PASS,,python /qiuyeqing/llama_prl/G-ARC/refe_repos/adapter/arc_baseline/run.py --input /qiuyeqing/llama_prl/G-ARC/outputs/real_video_protocol_pilot_v1/frame_scores_adapter_ready.csv --output-dir /qiuyeqing/llama_prl/G-ARC/outputs/ours_vs_baselines_realcartest_v1/baseline_outputs/ARC_proxy_only_b40_s0_th0.1 --reference-segments /qiuyeqing/llama_prl/G-ARC/outputs/real_video_protocol_pilot_v1/reference_segments_adapter_ready.csv --budget 40 --seed 0 --run-id ARC_proxy_only_b40_s0_th0.1 --variant proxy-only --threshold 0.1
baseline,ARC-proxy-only,40,0,0.2,outputs/ours_vs_baselines_realcartest_v1/baseline_outputs/ARC_proxy_only_b40_s0_th0.2,PASS,,python /qiuyeqing/llama_prl/G-ARC/refe_repos/adapter/arc_baseline/run.py --input /qiuyeqing/llama_prl/G-ARC/outputs/real_video_protocol_pilot_v1/frame_scores_adapter_ready.csv --output-dir /qiuyeqing/llama_prl/G-ARC/outputs/ours_vs_baselines_realcartest_v1/baseline_outputs/ARC_proxy_only_b40_s0_th0.2 --reference-segments /qiuyeqing/llama_prl/G-ARC/outputs/real_video_protocol_pilot_v1/reference_segments_adapter_ready.csv --budget 40 --seed 0 --run-id ARC_proxy_only_b40_s0_th0.2 --variant proxy-only --threshold 0.2
baseline,ARC-proxy-only,40,0,0.3,outputs/ours_vs_baselines_realcartest_v1/baseline_outputs/ARC_proxy_only_b40_s0_th0.3,PASS,,python /qiuyeqing/llama_prl/G-ARC/refe_repos/adapter/arc_baseline/run.py --input /qiuyeqing/llama_prl/G-ARC/outputs/real_video_protocol_pilot_v1/frame_scores_adapter_ready.csv --output-dir /qiuyeqing/llama_prl/G-ARC/outputs/ours_vs_baselines_realcartest_v1/baseline_outputs/ARC_proxy_only_b40_s0_th0.3 --reference-segments /qiuyeqing/llama_prl/G-ARC/outputs/real_video_protocol_pilot_v1/reference_segments_adapter_ready.csv --budget 40 --seed 0 --run-id ARC_proxy_only_b40_s0_th0.3 --variant proxy-only --threshold 0.3
baseline,ARC-proxy-only,40,0,0.4,outputs/ours_vs_baselines_realcartest_v1/baseline_outputs/ARC_proxy_only_b40_s0_th0.4,PASS,,python /qiuyeqing/llama_prl/G-ARC/refe_repos/adapter/arc_baseline/run.py --input /qiuyeqing/llama_prl/G-ARC/outputs/real_video_protocol_pilot_v1/frame_scores_adapter_ready.csv --output-dir /qiuyeqing/llama_prl/G-ARC/outputs/ours_vs_baselines_realcartest_v1/baseline_outputs/ARC_proxy_only_b40_s0_th0.4 --reference-segments /qiuyeqing/llama_prl/G-ARC/outputs/real_video_protocol_pilot_v1/reference_segments_adapter_ready.csv --budget 40 --seed 0 --run-id ARC_proxy_only_b40_s0_th0.4 --variant proxy-only --threshold 0.4
baseline,ARC-proxy-only,40,0,0.5,outputs/ours_vs_baselines_realcartest_v1/baseline_outputs/ARC_proxy_only_b40_s0_th0.5,PASS,,python /qiuyeqing/llama_prl/G-ARC/refe_repos/adapter/arc_baseline/run.py --input /qiuyeqing/llama_prl/G-ARC/outputs/real_video_protocol_pilot_v1/frame_scores_adapter_ready.csv --output-dir /qiuyeqing/llama_prl/G-ARC/outputs/ours_vs_baselines_realcartest_v1/baseline_outputs/ARC_proxy_only_b40_s0_th0.5 --reference-segments /qiuyeqing/llama_prl/G-ARC/outputs/real_video_protocol_pilot_v1/reference_segments_adapter_ready.csv --budget 40 --seed 0 --run-id ARC_proxy_only_b40_s0_th0.5 --variant proxy-only --threshold 0.5
baseline,ARC-proxy-only,50,0,0.1,outputs/ours_vs_baselines_realcartest_v1/baseline_outputs/ARC_proxy_only_b50_s0_th0.1,PASS,,python /qiuyeqing/llama_prl/G-ARC/refe_repos/adapter/arc_baseline/run.py --input /qiuyeqing/llama_prl/G-ARC/outputs/real_video_protocol_pilot_v1/frame_scores_adapter_ready.csv --output-dir /qiuyeqing/llama_prl/G-ARC/outputs/ours_vs_baselines_realcartest_v1/baseline_outputs/ARC_proxy_only_b50_s0_th0.1 --reference-segments /qiuyeqing/llama_prl/G-ARC/outputs/real_video_protocol_pilot_v1/reference_segments_adapter_ready.csv --budget 50 --seed 0 --run-id ARC_proxy_only_b50_s0_th0.1 --variant proxy-only --threshold 0.1
baseline,ARC-proxy-only,50,0,0.2,outputs/ours_vs_baselines_realcartest_v1/baseline_outputs/ARC_proxy_only_b50_s0_th0.2,PASS,,python /qiuyeqing/llama_prl/G-ARC/refe_repos/adapter/arc_baseline/run.py --input /qiuyeqing/llama_prl/G-ARC/outputs/real_video_protocol_pilot_v1/frame_scores_adapter_ready.csv --output-dir /qiuyeqing/llama_prl/G-ARC/outputs/ours_vs_baselines_realcartest_v1/baseline_outputs/ARC_proxy_only_b50_s0_th0.2 --reference-segments /qiuyeqing/llama_prl/G-ARC/outputs/real_video_protocol_pilot_v1/reference_segments_adapter_ready.csv --budget 50 --seed 0 --run-id ARC_proxy_only_b50_s0_th0.2 --variant proxy-only --threshold 0.2
baseline,ARC-proxy-only,50,0,0.3,outputs/ours_vs_baselines_realcartest_v1/baseline_outputs/ARC_proxy_only_b50_s0_th0.3,PASS,,python /qiuyeqing/llama_prl/G-ARC/refe_repos/adapter/arc_baseline/run.py --input /qiuyeqing/llama_prl/G-ARC/outputs/real_video_protocol_pilot_v1/frame_scores_adapter_ready.csv --output-dir /qiuyeqing/llama_prl/G-ARC/outputs/ours_vs_baselines_realcartest_v1/baseline_outputs/ARC_proxy_only_b50_s0_th0.3 --reference-segments /qiuyeqing/llama_prl/G-ARC/outputs/real_video_protocol_pilot_v1/reference_segments_adapter_ready.csv --budget 50 --seed 0 --run-id ARC_proxy_only_b50_s0_th0.3 --variant proxy-only --threshold 0.3
baseline,ARC-proxy-only,50,0,0.4,outputs/ours_vs_baselines_realcartest_v1/baseline_outputs/ARC_proxy_only_b50_s0_th0.4,PASS,,python /qiuyeqing/llama_prl/G-ARC/refe_repos/adapter/arc_baseline/run.py --input /qiuyeqing/llama_prl/G-ARC/outputs/real_video_protocol_pilot_v1/frame_scores_adapter_ready.csv --output-dir /qiuyeqing/llama_prl/G-ARC/outputs/ours_vs_baselines_realcartest_v1/baseline_outputs/ARC_proxy_only_b50_s0_th0.4 --reference-segments /qiuyeqing/llama_prl/G-ARC/outputs/real_video_protocol_pilot_v1/reference_segments_adapter_ready.csv --budget 50 --seed 0 --run-id ARC_proxy_only_b50_s0_th0.4 --variant proxy-only --threshold 0.4
baseline,ARC-proxy-only,50,0,0.5,outputs/ours_vs_baselines_realcartest_v1/baseline_outputs/ARC_proxy_only_b50_s0_th0.5,PASS,,python /qiuyeqing/llama_prl/G-ARC/refe_repos/adapter/arc_baseline/run.py --input /qiuyeqing/llama_prl/G-ARC/outputs/real_video_protocol_pilot_v1/frame_scores_adapter_ready.csv --output-dir /qiuyeqing/llama_prl/G-ARC/outputs/ours_vs_baselines_realcartest_v1/baseline_outputs/ARC_proxy_only_b50_s0_th0.5 --reference-segments /qiuyeqing/llama_prl/G-ARC/outputs/real_video_protocol_pilot_v1/reference_segments_adapter_ready.csv --budget 50 --seed 0 --run-id ARC_proxy_only_b50_s0_th0.5 --variant proxy-only --threshold 0.5
baseline,ARC-proxy-only,80,0,0.1,outputs/ours_vs_baselines_realcartest_v1/baseline_outputs/ARC_proxy_only_b80_s0_th0.1,PASS,,python /qiuyeqing/llama_prl/G-ARC/refe_repos/adapter/arc_baseline/run.py --input /qiuyeqing/llama_prl/G-ARC/outputs/real_video_protocol_pilot_v1/frame_scores_adapter_ready.csv --output-dir /qiuyeqing/llama_prl/G-ARC/outputs/ours_vs_baselines_realcartest_v1/baseline_outputs/ARC_proxy_only_b80_s0_th0.1 --reference-segments /qiuyeqing/llama_prl/G-ARC/outputs/real_video_protocol_pilot_v1/reference_segments_adapter_ready.csv --budget 80 --seed 0 --run-id ARC_proxy_only_b80_s0_th0.1 --variant proxy-only --threshold 0.1
baseline,ARC-proxy-only,80,0,0.2,outputs/ours_vs_baselines_realcartest_v1/baseline_outputs/ARC_proxy_only_b80_s0_th0.2,PASS,,python /qiuyeqing/llama_prl/G-ARC/refe_repos/adapter/arc_baseline/run.py --input /qiuyeqing/llama_prl/G-ARC/outputs/real_video_protocol_pilot_v1/frame_scores_adapter_ready.csv --output-dir /qiuyeqing/llama_prl/G-ARC/outputs/ours_vs_baselines_realcartest_v1/baseline_outputs/ARC_proxy_only_b80_s0_th0.2 --reference-segments /qiuyeqing/llama_prl/G-ARC/outputs/real_video_protocol_pilot_v1/reference_segments_adapter_ready.csv --budget 80 --seed 0 --run-id ARC_proxy_only_b80_s0_th0.2 --variant proxy-only --threshold 0.2
baseline,ARC-proxy-only,80,0,0.3,outputs/ours_vs_baselines_realcartest_v1/baseline_outputs/ARC_proxy_only_b80_s0_th0.3,PASS,,python /qiuyeqing/llama_prl/G-ARC/refe_repos/adapter/arc_baseline/run.py --input /qiuyeqing/llama_prl/G-ARC/outputs/real_video_protocol_pilot_v1/frame_scores_adapter_ready.csv --output-dir /qiuyeqing/llama_prl/G-ARC/outputs/ours_vs_baselines_realcartest_v1/baseline_outputs/ARC_proxy_only_b80_s0_th0.3 --reference-segments /qiuyeqing/llama_prl/G-ARC/outputs/real_video_protocol_pilot_v1/reference_segments_adapter_ready.csv --budget 80 --seed 0 --run-id ARC_proxy_only_b80_s0_th0.3 --variant proxy-only --threshold 0.3
baseline,ARC-proxy-only,80,0,0.4,outputs/ours_vs_baselines_realcartest_v1/baseline_outputs/ARC_proxy_only_b80_s0_th0.4,PASS,,python /qiuyeqing/llama_prl/G-ARC/refe_repos/adapter/arc_baseline/run.py --input /qiuyeqing/llama_prl/G-ARC/outputs/real_video_protocol_pilot_v1/frame_scores_adapter_ready.csv --output-dir /qiuyeqing/llama_prl/G-ARC/outputs/ours_vs_baselines_realcartest_v1/baseline_outputs/ARC_proxy_only_b80_s0_th0.4 --reference-segments /qiuyeqing/llama_prl/G-ARC/outputs/real_video_protocol_pilot_v1/reference_segments_adapter_ready.csv --budget 80 --seed 0 --run-id ARC_proxy_only_b80_s0_th0.4 --variant proxy-only --threshold 0.4
baseline,ARC-proxy-only,80,0,0.5,outputs/ours_vs_baselines_realcartest_v1/baseline_outputs/ARC_proxy_only_b80_s0_th0.5,PASS,,python /qiuyeqing/llama_prl/G-ARC/refe_repos/adapter/arc_baseline/run.py --input /qiuyeqing/llama_prl/G-ARC/outputs/real_video_protocol_pilot_v1/frame_scores_adapter_ready.csv --output-dir /qiuyeqing/llama_prl/G-ARC/outputs/ours_vs_baselines_realcartest_v1/baseline_outputs/ARC_proxy_only_b80_s0_th0.5 --reference-segments /qiuyeqing/llama_prl/G-ARC/outputs/real_video_protocol_pilot_v1/reference_segments_adapter_ready.csv --budget 80 --seed 0 --run-id ARC_proxy_only_b80_s0_th0.5 --variant proxy-only --threshold 0.5
baseline,ARC-proxy-only,100,0,0.1,outputs/ours_vs_baselines_realcartest_v1/baseline_outputs/ARC_proxy_only_b100_s0_th0.1,PASS,,python /qiuyeqing/llama_prl/G-ARC/refe_repos/adapter/arc_baseline/run.py --input /qiuyeqing/llama_prl/G-ARC/outputs/real_video_protocol_pilot_v1/frame_scores_adapter_ready.csv --output-dir /qiuyeqing/llama_prl/G-ARC/outputs/ours_vs_baselines_realcartest_v1/baseline_outputs/ARC_proxy_only_b100_s0_th0.1 --reference-segments /qiuyeqing/llama_prl/G-ARC/outputs/real_video_protocol_pilot_v1/reference_segments_adapter_ready.csv --budget 100 --seed 0 --run-id ARC_proxy_only_b100_s0_th0.1 --variant proxy-only --threshold 0.1
baseline,ARC-proxy-only,100,0,0.2,outputs/ours_vs_baselines_realcartest_v1/baseline_outputs/ARC_proxy_only_b100_s0_th0.2,PASS,,python /qiuyeqing/llama_prl/G-ARC/refe_repos/adapter/arc_baseline/run.py --input /qiuyeqing/llama_prl/G-ARC/outputs/real_video_protocol_pilot_v1/frame_scores_adapter_ready.csv --output-dir /qiuyeqing/llama_prl/G-ARC/outputs/ours_vs_baselines_realcartest_v1/baseline_outputs/ARC_proxy_only_b100_s0_th0.2 --reference-segments /qiuyeqing/llama_prl/G-ARC/outputs/real_video_protocol_pilot_v1/reference_segments_adapter_ready.csv --budget 100 --seed 0 --run-id ARC_proxy_only_b100_s0_th0.2 --variant proxy-only --threshold 0.2
baseline,ARC-proxy-only,100,0,0.3,outputs/ours_vs_baselines_realcartest_v1/baseline_outputs/ARC_proxy_only_b100_s0_th0.3,PASS,,python /qiuyeqing/llama_prl/G-ARC/refe_repos/adapter/arc_baseline/run.py --input /qiuyeqing/llama_prl/G-ARC/outputs/real_video_protocol_pilot_v1/frame_scores_adapter_ready.csv --output-dir /qiuyeqing/llama_prl/G-ARC/outputs/ours_vs_baselines_realcartest_v1/baseline_outputs/ARC_proxy_only_b100_s0_th0.3 --reference-segments /qiuyeqing/llama_prl/G-ARC/outputs/real_video_protocol_pilot_v1/reference_segments_adapter_ready.csv --budget 100 --seed 0 --run-id ARC_proxy_only_b100_s0_th0.3 --variant proxy-only --threshold 0.3
baseline,ARC-proxy-only,100,0,0.4,outputs/ours_vs_baselines_realcartest_v1/baseline_outputs/ARC_proxy_only_b100_s0_th0.4,PASS,,python /qiuyeqing/llama_prl/G-ARC/refe_repos/adapter/arc_baseline/run.py --input /qiuyeqing/llama_prl/G-ARC/outputs/real_video_protocol_pilot_v1/frame_scores_adapter_ready.csv --output-dir /qiuyeqing/llama_prl/G-ARC/outputs/ours_vs_baselines_realcartest_v1/baseline_outputs/ARC_proxy_only_b100_s0_th0.4 --reference-segments /qiuyeqing/llama_prl/G-ARC/outputs/real_video_protocol_pilot_v1/reference_segments_adapter_ready.csv --budget 100 --seed 0 --run-id ARC_proxy_only_b100_s0_th0.4 --variant proxy-only --threshold 0.4
baseline,ARC-proxy-only,100,0,0.5,outputs/ours_vs_baselines_realcartest_v1/baseline_outputs/ARC_proxy_only_b100_s0_th0.5,PASS,,python /qiuyeqing/llama_prl/G-ARC/refe_repos/adapter/arc_baseline/run.py --input /qiuyeqing/llama_prl/G-ARC/outputs/real_video_protocol_pilot_v1/frame_scores_adapter_ready.csv --output-dir /qiuyeqing/llama_prl/G-ARC/outputs/ours_vs_baselines_realcartest_v1/baseline_outputs/ARC_proxy_only_b100_s0_th0.5 --reference-segments /qiuyeqing/llama_prl/G-ARC/outputs/real_video_protocol_pilot_v1/reference_segments_adapter_ready.csv --budget 100 --seed 0 --run-id ARC_proxy_only_b100_s0_th0.5 --variant proxy-only --threshold 0.5
baseline,ARC-refinement,5,0,0.1,outputs/ours_vs_baselines_realcartest_v1/baseline_outputs/ARC_refinement_b5_s0_th0.1,PASS,,python /qiuyeqing/llama_prl/G-ARC/refe_repos/adapter/arc_baseline/run.py --input /qiuyeqing/llama_prl/G-ARC/outputs/real_video_protocol_pilot_v1/frame_scores_adapter_ready.csv --output-dir /qiuyeqing/llama_prl/G-ARC/outputs/ours_vs_baselines_realcartest_v1/baseline_outputs/ARC_refinement_b5_s0_th0.1 --reference-segments /qiuyeqing/llama_prl/G-ARC/outputs/real_video_protocol_pilot_v1/reference_segments_adapter_ready.csv --budget 5 --seed 0 --run-id ARC_refinement_b5_s0_th0.1 --variant refinement --threshold 0.1 --cluster-mode each_frame
baseline,ARC-refinement,5,1,0.1,outputs/ours_vs_baselines_realcartest_v1/baseline_outputs/ARC_refinement_b5_s1_th0.1,PASS,,python /qiuyeqing/llama_prl/G-ARC/refe_repos/adapter/arc_baseline/run.py --input /qiuyeqing/llama_prl/G-ARC/outputs/real_video_protocol_pilot_v1/frame_scores_adapter_ready.csv --output-dir /qiuyeqing/llama_prl/G-ARC/outputs/ours_vs_baselines_realcartest_v1/baseline_outputs/ARC_refinement_b5_s1_th0.1 --reference-segments /qiuyeqing/llama_prl/G-ARC/outputs/real_video_protocol_pilot_v1/reference_segments_adapter_ready.csv --budget 5 --seed 1 --run-id ARC_refinement_b5_s1_th0.1 --variant refinement --threshold 0.1 --cluster-mode each_frame
baseline,ARC-refinement,5,2,0.1,outputs/ours_vs_baselines_realcartest_v1/baseline_outputs/ARC_refinement_b5_s2_th0.1,PASS,,python /qiuyeqing/llama_prl/G-ARC/refe_repos/adapter/arc_baseline/run.py --input /qiuyeqing/llama_prl/G-ARC/outputs/real_video_protocol_pilot_v1/frame_scores_adapter_ready.csv --output-dir /qiuyeqing/llama_prl/G-ARC/outputs/ours_vs_baselines_realcartest_v1/baseline_outputs/ARC_refinement_b5_s2_th0.1 --reference-segments /qiuyeqing/llama_prl/G-ARC/outputs/real_video_protocol_pilot_v1/reference_segments_adapter_ready.csv --budget 5 --seed 2 --run-id ARC_refinement_b5_s2_th0.1 --variant refinement --threshold 0.1 --cluster-mode each_frame
baseline,ARC-refinement,5,3,0.1,outputs/ours_vs_baselines_realcartest_v1/baseline_outputs/ARC_refinement_b5_s3_th0.1,PASS,,python /qiuyeqing/llama_prl/G-ARC/refe_repos/adapter/arc_baseline/run.py --input /qiuyeqing/llama_prl/G-ARC/outputs/real_video_protocol_pilot_v1/frame_scores_adapter_ready.csv --output-dir /qiuyeqing/llama_prl/G-ARC/outputs/ours_vs_baselines_realcartest_v1/baseline_outputs/ARC_refinement_b5_s3_th0.1 --reference-segments /qiuyeqing/llama_prl/G-ARC/outputs/real_video_protocol_pilot_v1/reference_segments_adapter_ready.csv --budget 5 --seed 3 --run-id ARC_refinement_b5_s3_th0.1 --variant refinement --threshold 0.1 --cluster-mode each_frame
baseline,ARC-refinement,5,4,0.1,outputs/ours_vs_baselines_realcartest_v1/baseline_outputs/ARC_refinement_b5_s4_th0.1,PASS,,python /qiuyeqing/llama_prl/G-ARC/refe_repos/adapter/arc_baseline/run.py --input /qiuyeqing/llama_prl/G-ARC/outputs/real_video_protocol_pilot_v1/frame_scores_adapter_ready.csv --output-dir /qiuyeqing/llama_prl/G-ARC/outputs/ours_vs_baselines_realcartest_v1/baseline_outputs/ARC_refinement_b5_s4_th0.1 --reference-segments /qiuyeqing/llama_prl/G-ARC/outputs/real_video_protocol_pilot_v1/reference_segments_adapter_ready.csv --budget 5 --seed 4 --run-id ARC_refinement_b5_s4_th0.1 --variant refinement --threshold 0.1 --cluster-mode each_frame
baseline,ARC-refinement,5,0,0.2,outputs/ours_vs_baselines_realcartest_v1/baseline_outputs/ARC_refinement_b5_s0_th0.2,PASS,,python /qiuyeqing/llama_prl/G-ARC/refe_repos/adapter/arc_baseline/run.py --input /qiuyeqing/llama_prl/G-ARC/outputs/real_video_protocol_pilot_v1/frame_scores_adapter_ready.csv --output-dir /qiuyeqing/llama_prl/G-ARC/outputs/ours_vs_baselines_realcartest_v1/baseline_outputs/ARC_refinement_b5_s0_th0.2 --reference-segments /qiuyeqing/llama_prl/G-ARC/outputs/real_video_protocol_pilot_v1/reference_segments_adapter_ready.csv --budget 5 --seed 0 --run-id ARC_refinement_b5_s0_th0.2 --variant refinement --threshold 0.2 --cluster-mode each_frame
baseline,ARC-refinement,5,1,0.2,outputs/ours_vs_baselines_realcartest_v1/baseline_outputs/ARC_refinement_b5_s1_th0.2,PASS,,python /qiuyeqing/llama_prl/G-ARC/refe_repos/adapter/arc_baseline/run.py --input /qiuyeqing/llama_prl/G-ARC/outputs/real_video_protocol_pilot_v1/frame_scores_adapter_ready.csv --output-dir /qiuyeqing/llama_prl/G-ARC/outputs/ours_vs_baselines_realcartest_v1/baseline_outputs/ARC_refinement_b5_s1_th0.2 --reference-segments /qiuyeqing/llama_prl/G-ARC/outputs/real_video_protocol_pilot_v1/reference_segments_adapter_ready.csv --budget 5 --seed 1 --run-id ARC_refinement_b5_s1_th0.2 --variant refinement --threshold 0.2 --cluster-mode each_frame
baseline,ARC-refinement,5,2,0.2,outputs/ours_vs_baselines_realcartest_v1/baseline_outputs/ARC_refinement_b5_s2_th0.2,PASS,,python /qiuyeqing/llama_prl/G-ARC/refe_repos/adapter/arc_baseline/run.py --input /qiuyeqing/llama_prl/G-ARC/outputs/real_video_protocol_pilot_v1/frame_scores_adapter_ready.csv --output-dir /qiuyeqing/llama_prl/G-ARC/outputs/ours_vs_baselines_realcartest_v1/baseline_outputs/ARC_refinement_b5_s2_th0.2 --reference-segments /qiuyeqing/llama_prl/G-ARC/outputs/real_video_protocol_pilot_v1/reference_segments_adapter_ready.csv --budget 5 --seed 2 --run-id ARC_refinement_b5_s2_th0.2 --variant refinement --threshold 0.2 --cluster-mode each_frame
baseline,ARC-refinement,5,3,0.2,outputs/ours_vs_baselines_realcartest_v1/baseline_outputs/ARC_refinement_b5_s3_th0.2,PASS,,python /qiuyeqing/llama_prl/G-ARC/refe_repos/adapter/arc_baseline/run.py --input /qiuyeqing/llama_prl/G-ARC/outputs/real_video_protocol_pilot_v1/frame_scores_adapter_ready.csv --output-dir /qiuyeqing/llama_prl/G-ARC/outputs/ours_vs_baselines_realcartest_v1/baseline_outputs/ARC_refinement_b5_s3_th0.2 --reference-segments /qiuyeqing/llama_prl/G-ARC/outputs/real_video_protocol_pilot_v1/reference_segments_adapter_ready.csv --budget 5 --seed 3 --run-id ARC_refinement_b5_s3_th0.2 --variant refinement --threshold 0.2 --cluster-mode each_frame
baseline,ARC-refinement,5,4,0.2,outputs/ours_vs_baselines_realcartest_v1/baseline_outputs/ARC_refinement_b5_s4_th0.2,PASS,,python /qiuyeqing/llama_prl/G-ARC/refe_repos/adapter/arc_baseline/run.py --input /qiuyeqing/llama_prl/G-ARC/outputs/real_video_protocol_pilot_v1/frame_scores_adapter_ready.csv --output-dir /qiuyeqing/llama_prl/G-ARC/outputs/ours_vs_baselines_realcartest_v1/baseline_outputs/ARC_refinement_b5_s4_th0.2 --reference-segments /qiuyeqing/llama_prl/G-ARC/outputs/real_video_protocol_pilot_v1/reference_segments_adapter_ready.csv --budget 5 --seed 4 --run-id ARC_refinement_b5_s4_th0.2 --variant refinement --threshold 0.2 --cluster-mode each_frame
baseline,ARC-refinement,5,0,0.3,outputs/ours_vs_baselines_realcartest_v1/baseline_outputs/ARC_refinement_b5_s0_th0.3,PASS,,python /qiuyeqing/llama_prl/G-ARC/refe_repos/adapter/arc_baseline/run.py --input /qiuyeqing/llama_prl/G-ARC/outputs/real_video_protocol_pilot_v1/frame_scores_adapter_ready.csv --output-dir /qiuyeqing/llama_prl/G-ARC/outputs/ours_vs_baselines_realcartest_v1/baseline_outputs/ARC_refinement_b5_s0_th0.3 --reference-segments /qiuyeqing/llama_prl/G-ARC/outputs/real_video_protocol_pilot_v1/reference_segments_adapter_ready.csv --budget 5 --seed 0 --run-id ARC_refinement_b5_s0_th0.3 --variant refinement --threshold 0.3 --cluster-mode each_frame
baseline,ARC-refinement,5,1,0.3,outputs/ours_vs_baselines_realcartest_v1/baseline_outputs/ARC_refinement_b5_s1_th0.3,PASS,,python /qiuyeqing/llama_prl/G-ARC/refe_repos/adapter/arc_baseline/run.py --input /qiuyeqing/llama_prl/G-ARC/outputs/real_video_protocol_pilot_v1/frame_scores_adapter_ready.csv --output-dir /qiuyeqing/llama_prl/G-ARC/outputs/ours_vs_baselines_realcartest_v1/baseline_outputs/ARC_refinement_b5_s1_th0.3 --reference-segments /qiuyeqing/llama_prl/G-ARC/outputs/real_video_protocol_pilot_v1/reference_segments_adapter_ready.csv --budget 5 --seed 1 --run-id ARC_refinement_b5_s1_th0.3 --variant refinement --threshold 0.3 --cluster-mode each_frame
baseline,ARC-refinement,5,2,0.3,outputs/ours_vs_baselines_realcartest_v1/baseline_outputs/ARC_refinement_b5_s2_th0.3,PASS,,python /qiuyeqing/llama_prl/G-ARC/refe_repos/adapter/arc_baseline/run.py --input /qiuyeqing/llama_prl/G-ARC/outputs/real_video_protocol_pilot_v1/frame_scores_adapter_ready.csv --output-dir /qiuyeqing/llama_prl/G-ARC/outputs/ours_vs_baselines_realcartest_v1/baseline_outputs/ARC_refinement_b5_s2_th0.3 --reference-segments /qiuyeqing/llama_prl/G-ARC/outputs/real_video_protocol_pilot_v1/reference_segments_adapter_ready.csv --budget 5 --seed 2 --run-id ARC_refinement_b5_s2_th0.3 --variant refinement --threshold 0.3 --cluster-mode each_frame
baseline,ARC-refinement,5,3,0.3,outputs/ours_vs_baselines_realcartest_v1/baseline_outputs/ARC_refinement_b5_s3_th0.3,PASS,,python /qiuyeqing/llama_prl/G-ARC/refe_repos/adapter/arc_baseline/run.py --input /qiuyeqing/llama_prl/G-ARC/outputs/real_video_protocol_pilot_v1/frame_scores_adapter_ready.csv --output-dir /qiuyeqing/llama_prl/G-ARC/outputs/ours_vs_baselines_realcartest_v1/baseline_outputs/ARC_refinement_b5_s3_th0.3 --reference-segments /qiuyeqing/llama_prl/G-ARC/outputs/real_video_protocol_pilot_v1/reference_segments_adapter_ready.csv --budget 5 --seed 3 --run-id ARC_refinement_b5_s3_th0.3 --variant refinement --threshold 0.3 --cluster-mode each_frame
baseline,ARC-refinement,5,4,0.3,outputs/ours_vs_baselines_realcartest_v1/baseline_outputs/ARC_refinement_b5_s4_th0.3,PASS,,python /qiuyeqing/llama_prl/G-ARC/refe_repos/adapter/arc_baseline/run.py --input /qiuyeqing/llama_prl/G-ARC/outputs/real_video_protocol_pilot_v1/frame_scores_adapter_ready.csv --output-dir /qiuyeqing/llama_prl/G-ARC/outputs/ours_vs_baselines_realcartest_v1/baseline_outputs/ARC_refinement_b5_s4_th0.3 --reference-segments /qiuyeqing/llama_prl/G-ARC/outputs/real_video_protocol_pilot_v1/reference_segments_adapter_ready.csv --budget 5 --seed 4 --run-id ARC_refinement_b5_s4_th0.3 --variant refinement --threshold 0.3 --cluster-mode each_frame
baseline,ARC-refinement,5,0,0.4,outputs/ours_vs_baselines_realcartest_v1/baseline_outputs/ARC_refinement_b5_s0_th0.4,PASS,,python /qiuyeqing/llama_prl/G-ARC/refe_repos/adapter/arc_baseline/run.py --input /qiuyeqing/llama_prl/G-ARC/outputs/real_video_protocol_pilot_v1/frame_scores_adapter_ready.csv --output-dir /qiuyeqing/llama_prl/G-ARC/outputs/ours_vs_baselines_realcartest_v1/baseline_outputs/ARC_refinement_b5_s0_th0.4 --reference-segments /qiuyeqing/llama_prl/G-ARC/outputs/real_video_protocol_pilot_v1/reference_segments_adapter_ready.csv --budget 5 --seed 0 --run-id ARC_refinement_b5_s0_th0.4 --variant refinement --threshold 0.4 --cluster-mode each_frame
baseline,ARC-refinement,5,1,0.4,outputs/ours_vs_baselines_realcartest_v1/baseline_outputs/ARC_refinement_b5_s1_th0.4,PASS,,python /qiuyeqing/llama_prl/G-ARC/refe_repos/adapter/arc_baseline/run.py --input /qiuyeqing/llama_prl/G-ARC/outputs/real_video_protocol_pilot_v1/frame_scores_adapter_ready.csv --output-dir /qiuyeqing/llama_prl/G-ARC/outputs/ours_vs_baselines_realcartest_v1/baseline_outputs/ARC_refinement_b5_s1_th0.4 --reference-segments /qiuyeqing/llama_prl/G-ARC/outputs/real_video_protocol_pilot_v1/reference_segments_adapter_ready.csv --budget 5 --seed 1 --run-id ARC_refinement_b5_s1_th0.4 --variant refinement --threshold 0.4 --cluster-mode each_frame
baseline,ARC-refinement,5,2,0.4,outputs/ours_vs_baselines_realcartest_v1/baseline_outputs/ARC_refinement_b5_s2_th0.4,PASS,,python /qiuyeqing/llama_prl/G-ARC/refe_repos/adapter/arc_baseline/run.py --input /qiuyeqing/llama_prl/G-ARC/outputs/real_video_protocol_pilot_v1/frame_scores_adapter_ready.csv --output-dir /qiuyeqing/llama_prl/G-ARC/outputs/ours_vs_baselines_realcartest_v1/baseline_outputs/ARC_refinement_b5_s2_th0.4 --reference-segments /qiuyeqing/llama_prl/G-ARC/outputs/real_video_protocol_pilot_v1/reference_segments_adapter_ready.csv --budget 5 --seed 2 --run-id ARC_refinement_b5_s2_th0.4 --variant refinement --threshold 0.4 --cluster-mode each_frame
baseline,ARC-refinement,5,3,0.4,outputs/ours_vs_baselines_realcartest_v1/baseline_outputs/ARC_refinement_b5_s3_th0.4,PASS,,python /qiuyeqing/llama_prl/G-ARC/refe_repos/adapter/arc_baseline/run.py --input /qiuyeqing/llama_prl/G-ARC/outputs/real_video_protocol_pilot_v1/frame_scores_adapter_ready.csv --output-dir /qiuyeqing/llama_prl/G-ARC/outputs/ours_vs_baselines_realcartest_v1/baseline_outputs/ARC_refinement_b5_s3_th0.4 --reference-segments /qiuyeqing/llama_prl/G-ARC/outputs/real_video_protocol_pilot_v1/reference_segments_adapter_ready.csv --budget 5 --seed 3 --run-id ARC_refinement_b5_s3_th0.4 --variant refinement --threshold 0.4 --cluster-mode each_frame
baseline,ARC-refinement,5,4,0.4,outputs/ours_vs_baselines_realcartest_v1/baseline_outputs/ARC_refinement_b5_s4_th0.4,PASS,,python /qiuyeqing/llama_prl/G-ARC/refe_repos/adapter/arc_baseline/run.py --input /qiuyeqing/llama_prl/G-ARC/outputs/real_video_protocol_pilot_v1/frame_scores_adapter_ready.csv --output-dir /qiuyeqing/llama_prl/G-ARC/outputs/ours_vs_baselines_realcartest_v1/baseline_outputs/ARC_refinement_b5_s4_th0.4 --reference-segments /qiuyeqing/llama_prl/G-ARC/outputs/real_video_protocol_pilot_v1/reference_segments_adapter_ready.csv --budget 5 --seed 4 --run-id ARC_refinement_b5_s4_th0.4 --variant refinement --threshold 0.4 --cluster-mode each_frame
baseline,ARC-refinement,5,0,0.5,outputs/ours_vs_baselines_realcartest_v1/baseline_outputs/ARC_refinement_b5_s0_th0.5,PASS,,python /qiuyeqing/llama_prl/G-ARC/refe_repos/adapter/arc_baseline/run.py --input /qiuyeqing/llama_prl/G-ARC/outputs/real_video_protocol_pilot_v1/frame_scores_adapter_ready.csv --output-dir /qiuyeqing/llama_prl/G-ARC/outputs/ours_vs_baselines_realcartest_v1/baseline_outputs/ARC_refinement_b5_s0_th0.5 --reference-segments /qiuyeqing/llama_prl/G-ARC/outputs/real_video_protocol_pilot_v1/reference_segments_adapter_ready.csv --budget 5 --seed 0 --run-id ARC_refinement_b5_s0_th0.5 --variant refinement --threshold 0.5 --cluster-mode each_frame
baseline,ARC-refinement,5,1,0.5,outputs/ours_vs_baselines_realcartest_v1/baseline_outputs/ARC_refinement_b5_s1_th0.5,PASS,,python /qiuyeqing/llama_prl/G-ARC/refe_repos/adapter/arc_baseline/run.py --input /qiuyeqing/llama_prl/G-ARC/outputs/real_video_protocol_pilot_v1/frame_scores_adapter_ready.csv --output-dir /qiuyeqing/llama_prl/G-ARC/outputs/ours_vs_baselines_realcartest_v1/baseline_outputs/ARC_refinement_b5_s1_th0.5 --reference-segments /qiuyeqing/llama_prl/G-ARC/outputs/real_video_protocol_pilot_v1/reference_segments_adapter_ready.csv --budget 5 --seed 1 --run-id ARC_refinement_b5_s1_th0.5 --variant refinement --threshold 0.5 --cluster-mode each_frame
baseline,ARC-refinement,5,2,0.5,outputs/ours_vs_baselines_realcartest_v1/baseline_outputs/ARC_refinement_b5_s2_th0.5,PASS,,python /qiuyeqing/llama_prl/G-ARC/refe_repos/adapter/arc_baseline/run.py --input /qiuyeqing/llama_prl/G-ARC/outputs/real_video_protocol_pilot_v1/frame_scores_adapter_ready.csv --output-dir /qiuyeqing/llama_prl/G-ARC/outputs/ours_vs_baselines_realcartest_v1/baseline_outputs/ARC_refinement_b5_s2_th0.5 --reference-segments /qiuyeqing/llama_prl/G-ARC/outputs/real_video_protocol_pilot_v1/reference_segments_adapter_ready.csv --budget 5 --seed 2 --run-id ARC_refinement_b5_s2_th0.5 --variant refinement --threshold 0.5 --cluster-mode each_frame
baseline,ARC-refinement,5,3,0.5,outputs/ours_vs_baselines_realcartest_v1/baseline_outputs/ARC_refinement_b5_s3_th0.5,PASS,,python /qiuyeqing/llama_prl/G-ARC/refe_repos/adapter/arc_baseline/run.py --input /qiuyeqing/llama_prl/G-ARC/outputs/real_video_protocol_pilot_v1/frame_scores_adapter_ready.csv --output-dir /qiuyeqing/llama_prl/G-ARC/outputs/ours_vs_baselines_realcartest_v1/baseline_outputs/ARC_refinement_b5_s3_th0.5 --reference-segments /qiuyeqing/llama_prl/G-ARC/outputs/real_video_protocol_pilot_v1/reference_segments_adapter_ready.csv --budget 5 --seed 3 --run-id ARC_refinement_b5_s3_th0.5 --variant refinement --threshold 0.5 --cluster-mode each_frame
baseline,ARC-refinement,5,4,0.5,outputs/ours_vs_baselines_realcartest_v1/baseline_outputs/ARC_refinement_b5_s4_th0.5,PASS,,python /qiuyeqing/llama_prl/G-ARC/refe_repos/adapter/arc_baseline/run.py --input /qiuyeqing/llama_prl/G-ARC/outputs/real_video_protocol_pilot_v1/frame_scores_adapter_ready.csv --output-dir /qiuyeqing/llama_prl/G-ARC/outputs/ours_vs_baselines_realcartest_v1/baseline_outputs/ARC_refinement_b5_s4_th0.5 --reference-segments /qiuyeqing/llama_prl/G-ARC/outputs/real_video_protocol_pilot_v1/reference_segments_adapter_ready.csv --budget 5 --seed 4 --run-id ARC_refinement_b5_s4_th0.5 --variant refinement --threshold 0.5 --cluster-mode each_frame
baseline,ARC-refinement,10,0,0.1,outputs/ours_vs_baselines_realcartest_v1/baseline_outputs/ARC_refinement_b10_s0_th0.1,PASS,,python /qiuyeqing/llama_prl/G-ARC/refe_repos/adapter/arc_baseline/run.py --input /qiuyeqing/llama_prl/G-ARC/outputs/real_video_protocol_pilot_v1/frame_scores_adapter_ready.csv --output-dir /qiuyeqing/llama_prl/G-ARC/outputs/ours_vs_baselines_realcartest_v1/baseline_outputs/ARC_refinement_b10_s0_th0.1 --reference-segments /qiuyeqing/llama_prl/G-ARC/outputs/real_video_protocol_pilot_v1/reference_segments_adapter_ready.csv --budget 10 --seed 0 --run-id ARC_refinement_b10_s0_th0.1 --variant refinement --threshold 0.1 --cluster-mode each_frame
baseline,ARC-refinement,10,1,0.1,outputs/ours_vs_baselines_realcartest_v1/baseline_outputs/ARC_refinement_b10_s1_th0.1,PASS,,python /qiuyeqing/llama_prl/G-ARC/refe_repos/adapter/arc_baseline/run.py --input /qiuyeqing/llama_prl/G-ARC/outputs/real_video_protocol_pilot_v1/frame_scores_adapter_ready.csv --output-dir /qiuyeqing/llama_prl/G-ARC/outputs/ours_vs_baselines_realcartest_v1/baseline_outputs/ARC_refinement_b10_s1_th0.1 --reference-segments /qiuyeqing/llama_prl/G-ARC/outputs/real_video_protocol_pilot_v1/reference_segments_adapter_ready.csv --budget 10 --seed 1 --run-id ARC_refinement_b10_s1_th0.1 --variant refinement --threshold 0.1 --cluster-mode each_frame
baseline,ARC-refinement,10,2,0.1,outputs/ours_vs_baselines_realcartest_v1/baseline_outputs/ARC_refinement_b10_s2_th0.1,PASS,,python /qiuyeqing/llama_prl/G-ARC/refe_repos/adapter/arc_baseline/run.py --input /qiuyeqing/llama_prl/G-ARC/outputs/real_video_protocol_pilot_v1/frame_scores_adapter_ready.csv --output-dir /qiuyeqing/llama_prl/G-ARC/outputs/ours_vs_baselines_realcartest_v1/baseline_outputs/ARC_refinement_b10_s2_th0.1 --reference-segments /qiuyeqing/llama_prl/G-ARC/outputs/real_video_protocol_pilot_v1/reference_segments_adapter_ready.csv --budget 10 --seed 2 --run-id ARC_refinement_b10_s2_th0.1 --variant refinement --threshold 0.1 --cluster-mode each_frame
baseline,ARC-refinement,10,3,0.1,outputs/ours_vs_baselines_realcartest_v1/baseline_outputs/ARC_refinement_b10_s3_th0.1,PASS,,python /qiuyeqing/llama_prl/G-ARC/refe_repos/adapter/arc_baseline/run.py --input /qiuyeqing/llama_prl/G-ARC/outputs/real_video_protocol_pilot_v1/frame_scores_adapter_ready.csv --output-dir /qiuyeqing/llama_prl/G-ARC/outputs/ours_vs_baselines_realcartest_v1/baseline_outputs/ARC_refinement_b10_s3_th0.1 --reference-segments /qiuyeqing/llama_prl/G-ARC/outputs/real_video_protocol_pilot_v1/reference_segments_adapter_ready.csv --budget 10 --seed 3 --run-id ARC_refinement_b10_s3_th0.1 --variant refinement --threshold 0.1 --cluster-mode each_frame
baseline,ARC-refinement,10,4,0.1,outputs/ours_vs_baselines_realcartest_v1/baseline_outputs/ARC_refinement_b10_s4_th0.1,PASS,,python /qiuyeqing/llama_prl/G-ARC/refe_repos/adapter/arc_baseline/run.py --input /qiuyeqing/llama_prl/G-ARC/outputs/real_video_protocol_pilot_v1/frame_scores_adapter_ready.csv --output-dir /qiuyeqing/llama_prl/G-ARC/outputs/ours_vs_baselines_realcartest_v1/baseline_outputs/ARC_refinement_b10_s4_th0.1 --reference-segments /qiuyeqing/llama_prl/G-ARC/outputs/real_video_protocol_pilot_v1/reference_segments_adapter_ready.csv --budget 10 --seed 4 --run-id ARC_refinement_b10_s4_th0.1 --variant refinement --threshold 0.1 --cluster-mode each_frame
baseline,ARC-refinement,10,0,0.2,outputs/ours_vs_baselines_realcartest_v1/baseline_outputs/ARC_refinement_b10_s0_th0.2,PASS,,python /qiuyeqing/llama_prl/G-ARC/refe_repos/adapter/arc_baseline/run.py --input /qiuyeqing/llama_prl/G-ARC/outputs/real_video_protocol_pilot_v1/frame_scores_adapter_ready.csv --output-dir /qiuyeqing/llama_prl/G-ARC/outputs/ours_vs_baselines_realcartest_v1/baseline_outputs/ARC_refinement_b10_s0_th0.2 --reference-segments /qiuyeqing/llama_prl/G-ARC/outputs/real_video_protocol_pilot_v1/reference_segments_adapter_ready.csv --budget 10 --seed 0 --run-id ARC_refinement_b10_s0_th0.2 --variant refinement --threshold 0.2 --cluster-mode each_frame
baseline,ARC-refinement,10,1,0.2,outputs/ours_vs_baselines_realcartest_v1/baseline_outputs/ARC_refinement_b10_s1_th0.2,PASS,,python /qiuyeqing/llama_prl/G-ARC/refe_repos/adapter/arc_baseline/run.py --input /qiuyeqing/llama_prl/G-ARC/outputs/real_video_protocol_pilot_v1/frame_scores_adapter_ready.csv --output-dir /qiuyeqing/llama_prl/G-ARC/outputs/ours_vs_baselines_realcartest_v1/baseline_outputs/ARC_refinement_b10_s1_th0.2 --reference-segments /qiuyeqing/llama_prl/G-ARC/outputs/real_video_protocol_pilot_v1/reference_segments_adapter_ready.csv --budget 10 --seed 1 --run-id ARC_refinement_b10_s1_th0.2 --variant refinement --threshold 0.2 --cluster-mode each_frame
baseline,ARC-refinement,10,2,0.2,outputs/ours_vs_baselines_realcartest_v1/baseline_outputs/ARC_refinement_b10_s2_th0.2,PASS,,python /qiuyeqing/llama_prl/G-ARC/refe_repos/adapter/arc_baseline/run.py --input /qiuyeqing/llama_prl/G-ARC/outputs/real_video_protocol_pilot_v1/frame_scores_adapter_ready.csv --output-dir /qiuyeqing/llama_prl/G-ARC/outputs/ours_vs_baselines_realcartest_v1/baseline_outputs/ARC_refinement_b10_s2_th0.2 --reference-segments /qiuyeqing/llama_prl/G-ARC/outputs/real_video_protocol_pilot_v1/reference_segments_adapter_ready.csv --budget 10 --seed 2 --run-id ARC_refinement_b10_s2_th0.2 --variant refinement --threshold 0.2 --cluster-mode each_frame
baseline,ARC-refinement,10,3,0.2,outputs/ours_vs_baselines_realcartest_v1/baseline_outputs/ARC_refinement_b10_s3_th0.2,PASS,,python /qiuyeqing/llama_prl/G-ARC/refe_repos/adapter/arc_baseline/run.py --input /qiuyeqing/llama_prl/G-ARC/outputs/real_video_protocol_pilot_v1/frame_scores_adapter_ready.csv --output-dir /qiuyeqing/llama_prl/G-ARC/outputs/ours_vs_baselines_realcartest_v1/baseline_outputs/ARC_refinement_b10_s3_th0.2 --reference-segments /qiuyeqing/llama_prl/G-ARC/outputs/real_video_protocol_pilot_v1/reference_segments_adapter_ready.csv --budget 10 --seed 3 --run-id ARC_refinement_b10_s3_th0.2 --variant refinement --threshold 0.2 --cluster-mode each_frame
baseline,ARC-refinement,10,4,0.2,outputs/ours_vs_baselines_realcartest_v1/baseline_outputs/ARC_refinement_b10_s4_th0.2,PASS,,python /qiuyeqing/llama_prl/G-ARC/refe_repos/adapter/arc_baseline/run.py --input /qiuyeqing/llama_prl/G-ARC/outputs/real_video_protocol_pilot_v1/frame_scores_adapter_ready.csv --output-dir /qiuyeqing/llama_prl/G-ARC/outputs/ours_vs_baselines_realcartest_v1/baseline_outputs/ARC_refinement_b10_s4_th0.2 --reference-segments /qiuyeqing/llama_prl/G-ARC/outputs/real_video_protocol_pilot_v1/reference_segments_adapter_ready.csv --budget 10 --seed 4 --run-id ARC_refinement_b10_s4_th0.2 --variant refinement --threshold 0.2 --cluster-mode each_frame
baseline,ARC-refinement,10,0,0.3,outputs/ours_vs_baselines_realcartest_v1/baseline_outputs/ARC_refinement_b10_s0_th0.3,PASS,,python /qiuyeqing/llama_prl/G-ARC/refe_repos/adapter/arc_baseline/run.py --input /qiuyeqing/llama_prl/G-ARC/outputs/real_video_protocol_pilot_v1/frame_scores_adapter_ready.csv --output-dir /qiuyeqing/llama_prl/G-ARC/outputs/ours_vs_baselines_realcartest_v1/baseline_outputs/ARC_refinement_b10_s0_th0.3 --reference-segments /qiuyeqing/llama_prl/G-ARC/outputs/real_video_protocol_pilot_v1/reference_segments_adapter_ready.csv --budget 10 --seed 0 --run-id ARC_refinement_b10_s0_th0.3 --variant refinement --threshold 0.3 --cluster-mode each_frame
baseline,ARC-refinement,10,1,0.3,outputs/ours_vs_baselines_realcartest_v1/baseline_outputs/ARC_refinement_b10_s1_th0.3,PASS,,python /qiuyeqing/llama_prl/G-ARC/refe_repos/adapter/arc_baseline/run.py --input /qiuyeqing/llama_prl/G-ARC/outputs/real_video_protocol_pilot_v1/frame_scores_adapter_ready.csv --output-dir /qiuyeqing/llama_prl/G-ARC/outputs/ours_vs_baselines_realcartest_v1/baseline_outputs/ARC_refinement_b10_s1_th0.3 --reference-segments /qiuyeqing/llama_prl/G-ARC/outputs/real_video_protocol_pilot_v1/reference_segments_adapter_ready.csv --budget 10 --seed 1 --run-id ARC_refinement_b10_s1_th0.3 --variant refinement --threshold 0.3 --cluster-mode each_frame
baseline,ARC-refinement,10,2,0.3,outputs/ours_vs_baselines_realcartest_v1/baseline_outputs/ARC_refinement_b10_s2_th0.3,PASS,,python /qiuyeqing/llama_prl/G-ARC/refe_repos/adapter/arc_baseline/run.py --input /qiuyeqing/llama_prl/G-ARC/outputs/real_video_protocol_pilot_v1/frame_scores_adapter_ready.csv --output-dir /qiuyeqing/llama_prl/G-ARC/outputs/ours_vs_baselines_realcartest_v1/baseline_outputs/ARC_refinement_b10_s2_th0.3 --reference-segments /qiuyeqing/llama_prl/G-ARC/outputs/real_video_protocol_pilot_v1/reference_segments_adapter_ready.csv --budget 10 --seed 2 --run-id ARC_refinement_b10_s2_th0.3 --variant refinement --threshold 0.3 --cluster-mode each_frame
baseline,ARC-refinement,10,3,0.3,outputs/ours_vs_baselines_realcartest_v1/baseline_outputs/ARC_refinement_b10_s3_th0.3,PASS,,python /qiuyeqing/llama_prl/G-ARC/refe_repos/adapter/arc_baseline/run.py --input /qiuyeqing/llama_prl/G-ARC/outputs/real_video_protocol_pilot_v1/frame_scores_adapter_ready.csv --output-dir /qiuyeqing/llama_prl/G-ARC/outputs/ours_vs_baselines_realcartest_v1/baseline_outputs/ARC_refinement_b10_s3_th0.3 --reference-segments /qiuyeqing/llama_prl/G-ARC/outputs/real_video_protocol_pilot_v1/reference_segments_adapter_ready.csv --budget 10 --seed 3 --run-id ARC_refinement_b10_s3_th0.3 --variant refinement --threshold 0.3 --cluster-mode each_frame
baseline,ARC-refinement,10,4,0.3,outputs/ours_vs_baselines_realcartest_v1/baseline_outputs/ARC_refinement_b10_s4_th0.3,PASS,,python /qiuyeqing/llama_prl/G-ARC/refe_repos/adapter/arc_baseline/run.py --input /qiuyeqing/llama_prl/G-ARC/outputs/real_video_protocol_pilot_v1/frame_scores_adapter_ready.csv --output-dir /qiuyeqing/llama_prl/G-ARC/outputs/ours_vs_baselines_realcartest_v1/baseline_outputs/ARC_refinement_b10_s4_th0.3 --reference-segments /qiuyeqing/llama_prl/G-ARC/outputs/real_video_protocol_pilot_v1/reference_segments_adapter_ready.csv --budget 10 --seed 4 --run-id ARC_refinement_b10_s4_th0.3 --variant refinement --threshold 0.3 --cluster-mode each_frame
baseline,ARC-refinement,10,0,0.4,outputs/ours_vs_baselines_realcartest_v1/baseline_outputs/ARC_refinement_b10_s0_th0.4,PASS,,python /qiuyeqing/llama_prl/G-ARC/refe_repos/adapter/arc_baseline/run.py --input /qiuyeqing/llama_prl/G-ARC/outputs/real_video_protocol_pilot_v1/frame_scores_adapter_ready.csv --output-dir /qiuyeqing/llama_prl/G-ARC/outputs/ours_vs_baselines_realcartest_v1/baseline_outputs/ARC_refinement_b10_s0_th0.4 --reference-segments /qiuyeqing/llama_prl/G-ARC/outputs/real_video_protocol_pilot_v1/reference_segments_adapter_ready.csv --budget 10 --seed 0 --run-id ARC_refinement_b10_s0_th0.4 --variant refinement --threshold 0.4 --cluster-mode each_frame
baseline,ARC-refinement,10,1,0.4,outputs/ours_vs_baselines_realcartest_v1/baseline_outputs/ARC_refinement_b10_s1_th0.4,PASS,,python /qiuyeqing/llama_prl/G-ARC/refe_repos/adapter/arc_baseline/run.py --input /qiuyeqing/llama_prl/G-ARC/outputs/real_video_protocol_pilot_v1/frame_scores_adapter_ready.csv --output-dir /qiuyeqing/llama_prl/G-ARC/outputs/ours_vs_baselines_realcartest_v1/baseline_outputs/ARC_refinement_b10_s1_th0.4 --reference-segments /qiuyeqing/llama_prl/G-ARC/outputs/real_video_protocol_pilot_v1/reference_segments_adapter_ready.csv --budget 10 --seed 1 --run-id ARC_refinement_b10_s1_th0.4 --variant refinement --threshold 0.4 --cluster-mode each_frame
baseline,ARC-refinement,10,2,0.4,outputs/ours_vs_baselines_realcartest_v1/baseline_outputs/ARC_refinement_b10_s2_th0.4,PASS,,python /qiuyeqing/llama_prl/G-ARC/refe_repos/adapter/arc_baseline/run.py --input /qiuyeqing/llama_prl/G-ARC/outputs/real_video_protocol_pilot_v1/frame_scores_adapter_ready.csv --output-dir /qiuyeqing/llama_prl/G-ARC/outputs/ours_vs_baselines_realcartest_v1/baseline_outputs/ARC_refinement_b10_s2_th0.4 --reference-segments /qiuyeqing/llama_prl/G-ARC/outputs/real_video_protocol_pilot_v1/reference_segments_adapter_ready.csv --budget 10 --seed 2 --run-id ARC_refinement_b10_s2_th0.4 --variant refinement --threshold 0.4 --cluster-mode each_frame
baseline,ARC-refinement,10,3,0.4,outputs/ours_vs_baselines_realcartest_v1/baseline_outputs/ARC_refinement_b10_s3_th0.4,PASS,,python /qiuyeqing/llama_prl/G-ARC/refe_repos/adapter/arc_baseline/run.py --input /qiuyeqing/llama_prl/G-ARC/outputs/real_video_protocol_pilot_v1/frame_scores_adapter_ready.csv --output-dir /qiuyeqing/llama_prl/G-ARC/outputs/ours_vs_baselines_realcartest_v1/baseline_outputs/ARC_refinement_b10_s3_th0.4 --reference-segments /qiuyeqing/llama_prl/G-ARC/outputs/real_video_protocol_pilot_v1/reference_segments_adapter_ready.csv --budget 10 --seed 3 --run-id ARC_refinement_b10_s3_th0.4 --variant refinement --threshold 0.4 --cluster-mode each_frame
baseline,ARC-refinement,10,4,0.4,outputs/ours_vs_baselines_realcartest_v1/baseline_outputs/ARC_refinement_b10_s4_th0.4,PASS,,python /qiuyeqing/llama_prl/G-ARC/refe_repos/adapter/arc_baseline/run.py --input /qiuyeqing/llama_prl/G-ARC/outputs/real_video_protocol_pilot_v1/frame_scores_adapter_ready.csv --output-dir /qiuyeqing/llama_prl/G-ARC/outputs/ours_vs_baselines_realcartest_v1/baseline_outputs/ARC_refinement_b10_s4_th0.4 --reference-segments /qiuyeqing/llama_prl/G-ARC/outputs/real_video_protocol_pilot_v1/reference_segments_adapter_ready.csv --budget 10 --seed 4 --run-id ARC_refinement_b10_s4_th0.4 --variant refinement --threshold 0.4 --cluster-mode each_frame
baseline,ARC-refinement,10,0,0.5,outputs/ours_vs_baselines_realcartest_v1/baseline_outputs/ARC_refinement_b10_s0_th0.5,PASS,,python /qiuyeqing/llama_prl/G-ARC/refe_repos/adapter/arc_baseline/run.py --input /qiuyeqing/llama_prl/G-ARC/outputs/real_video_protocol_pilot_v1/frame_scores_adapter_ready.csv --output-dir /qiuyeqing/llama_prl/G-ARC/outputs/ours_vs_baselines_realcartest_v1/baseline_outputs/ARC_refinement_b10_s0_th0.5 --reference-segments /qiuyeqing/llama_prl/G-ARC/outputs/real_video_protocol_pilot_v1/reference_segments_adapter_ready.csv --budget 10 --seed 0 --run-id ARC_refinement_b10_s0_th0.5 --variant refinement --threshold 0.5 --cluster-mode each_frame
baseline,ARC-refinement,10,1,0.5,outputs/ours_vs_baselines_realcartest_v1/baseline_outputs/ARC_refinement_b10_s1_th0.5,PASS,,python /qiuyeqing/llama_prl/G-ARC/refe_repos/adapter/arc_baseline/run.py --input /qiuyeqing/llama_prl/G-ARC/outputs/real_video_protocol_pilot_v1/frame_scores_adapter_ready.csv --output-dir /qiuyeqing/llama_prl/G-ARC/outputs/ours_vs_baselines_realcartest_v1/baseline_outputs/ARC_refinement_b10_s1_th0.5 --reference-segments /qiuyeqing/llama_prl/G-ARC/outputs/real_video_protocol_pilot_v1/reference_segments_adapter_ready.csv --budget 10 --seed 1 --run-id ARC_refinement_b10_s1_th0.5 --variant refinement --threshold 0.5 --cluster-mode each_frame
baseline,ARC-refinement,10,2,0.5,outputs/ours_vs_baselines_realcartest_v1/baseline_outputs/ARC_refinement_b10_s2_th0.5,PASS,,python /qiuyeqing/llama_prl/G-ARC/refe_repos/adapter/arc_baseline/run.py --input /qiuyeqing/llama_prl/G-ARC/outputs/real_video_protocol_pilot_v1/frame_scores_adapter_ready.csv --output-dir /qiuyeqing/llama_prl/G-ARC/outputs/ours_vs_baselines_realcartest_v1/baseline_outputs/ARC_refinement_b10_s2_th0.5 --reference-segments /qiuyeqing/llama_prl/G-ARC/outputs/real_video_protocol_pilot_v1/reference_segments_adapter_ready.csv --budget 10 --seed 2 --run-id ARC_refinement_b10_s2_th0.5 --variant refinement --threshold 0.5 --cluster-mode each_frame
baseline,ARC-refinement,10,3,0.5,outputs/ours_vs_baselines_realcartest_v1/baseline_outputs/ARC_refinement_b10_s3_th0.5,PASS,,python /qiuyeqing/llama_prl/G-ARC/refe_repos/adapter/arc_baseline/run.py --input /qiuyeqing/llama_prl/G-ARC/outputs/real_video_protocol_pilot_v1/frame_scores_adapter_ready.csv --output-dir /qiuyeqing/llama_prl/G-ARC/outputs/ours_vs_baselines_realcartest_v1/baseline_outputs/ARC_refinement_b10_s3_th0.5 --reference-segments /qiuyeqing/llama_prl/G-ARC/outputs/real_video_protocol_pilot_v1/reference_segments_adapter_ready.csv --budget 10 --seed 3 --run-id ARC_refinement_b10_s3_th0.5 --variant refinement --threshold 0.5 --cluster-mode each_frame
baseline,ARC-refinement,10,4,0.5,outputs/ours_vs_baselines_realcartest_v1/baseline_outputs/ARC_refinement_b10_s4_th0.5,PASS,,python /qiuyeqing/llama_prl/G-ARC/refe_repos/adapter/arc_baseline/run.py --input /qiuyeqing/llama_prl/G-ARC/outputs/real_video_protocol_pilot_v1/frame_scores_adapter_ready.csv --output-dir /qiuyeqing/llama_prl/G-ARC/outputs/ours_vs_baselines_realcartest_v1/baseline_outputs/ARC_refinement_b10_s4_th0.5 --reference-segments /qiuyeqing/llama_prl/G-ARC/outputs/real_video_protocol_pilot_v1/reference_segments_adapter_ready.csv --budget 10 --seed 4 --run-id ARC_refinement_b10_s4_th0.5 --variant refinement --threshold 0.5 --cluster-mode each_frame
baseline,ARC-refinement,20,0,0.1,outputs/ours_vs_baselines_realcartest_v1/baseline_outputs/ARC_refinement_b20_s0_th0.1,PASS,,python /qiuyeqing/llama_prl/G-ARC/refe_repos/adapter/arc_baseline/run.py --input /qiuyeqing/llama_prl/G-ARC/outputs/real_video_protocol_pilot_v1/frame_scores_adapter_ready.csv --output-dir /qiuyeqing/llama_prl/G-ARC/outputs/ours_vs_baselines_realcartest_v1/baseline_outputs/ARC_refinement_b20_s0_th0.1 --reference-segments /qiuyeqing/llama_prl/G-ARC/outputs/real_video_protocol_pilot_v1/reference_segments_adapter_ready.csv --budget 20 --seed 0 --run-id ARC_refinement_b20_s0_th0.1 --variant refinement --threshold 0.1 --cluster-mode each_frame
baseline,ARC-refinement,20,1,0.1,outputs/ours_vs_baselines_realcartest_v1/baseline_outputs/ARC_refinement_b20_s1_th0.1,PASS,,python /qiuyeqing/llama_prl/G-ARC/refe_repos/adapter/arc_baseline/run.py --input /qiuyeqing/llama_prl/G-ARC/outputs/real_video_protocol_pilot_v1/frame_scores_adapter_ready.csv --output-dir /qiuyeqing/llama_prl/G-ARC/outputs/ours_vs_baselines_realcartest_v1/baseline_outputs/ARC_refinement_b20_s1_th0.1 --reference-segments /qiuyeqing/llama_prl/G-ARC/outputs/real_video_protocol_pilot_v1/reference_segments_adapter_ready.csv --budget 20 --seed 1 --run-id ARC_refinement_b20_s1_th0.1 --variant refinement --threshold 0.1 --cluster-mode each_frame
baseline,ARC-refinement,20,2,0.1,outputs/ours_vs_baselines_realcartest_v1/baseline_outputs/ARC_refinement_b20_s2_th0.1,PASS,,python /qiuyeqing/llama_prl/G-ARC/refe_repos/adapter/arc_baseline/run.py --input /qiuyeqing/llama_prl/G-ARC/outputs/real_video_protocol_pilot_v1/frame_scores_adapter_ready.csv --output-dir /qiuyeqing/llama_prl/G-ARC/outputs/ours_vs_baselines_realcartest_v1/baseline_outputs/ARC_refinement_b20_s2_th0.1 --reference-segments /qiuyeqing/llama_prl/G-ARC/outputs/real_video_protocol_pilot_v1/reference_segments_adapter_ready.csv --budget 20 --seed 2 --run-id ARC_refinement_b20_s2_th0.1 --variant refinement --threshold 0.1 --cluster-mode each_frame
baseline,ARC-refinement,20,3,0.1,outputs/ours_vs_baselines_realcartest_v1/baseline_outputs/ARC_refinement_b20_s3_th0.1,PASS,,python /qiuyeqing/llama_prl/G-ARC/refe_repos/adapter/arc_baseline/run.py --input /qiuyeqing/llama_prl/G-ARC/outputs/real_video_protocol_pilot_v1/frame_scores_adapter_ready.csv --output-dir /qiuyeqing/llama_prl/G-ARC/outputs/ours_vs_baselines_realcartest_v1/baseline_outputs/ARC_refinement_b20_s3_th0.1 --reference-segments /qiuyeqing/llama_prl/G-ARC/outputs/real_video_protocol_pilot_v1/reference_segments_adapter_ready.csv --budget 20 --seed 3 --run-id ARC_refinement_b20_s3_th0.1 --variant refinement --threshold 0.1 --cluster-mode each_frame
baseline,ARC-refinement,20,4,0.1,outputs/ours_vs_baselines_realcartest_v1/baseline_outputs/ARC_refinement_b20_s4_th0.1,PASS,,python /qiuyeqing/llama_prl/G-ARC/refe_repos/adapter/arc_baseline/run.py --input /qiuyeqing/llama_prl/G-ARC/outputs/real_video_protocol_pilot_v1/frame_scores_adapter_ready.csv --output-dir /qiuyeqing/llama_prl/G-ARC/outputs/ours_vs_baselines_realcartest_v1/baseline_outputs/ARC_refinement_b20_s4_th0.1 --reference-segments /qiuyeqing/llama_prl/G-ARC/outputs/real_video_protocol_pilot_v1/reference_segments_adapter_ready.csv --budget 20 --seed 4 --run-id ARC_refinement_b20_s4_th0.1 --variant refinement --threshold 0.1 --cluster-mode each_frame
baseline,ARC-refinement,20,0,0.2,outputs/ours_vs_baselines_realcartest_v1/baseline_outputs/ARC_refinement_b20_s0_th0.2,PASS,,python /qiuyeqing/llama_prl/G-ARC/refe_repos/adapter/arc_baseline/run.py --input /qiuyeqing/llama_prl/G-ARC/outputs/real_video_protocol_pilot_v1/frame_scores_adapter_ready.csv --output-dir /qiuyeqing/llama_prl/G-ARC/outputs/ours_vs_baselines_realcartest_v1/baseline_outputs/ARC_refinement_b20_s0_th0.2 --reference-segments /qiuyeqing/llama_prl/G-ARC/outputs/real_video_protocol_pilot_v1/reference_segments_adapter_ready.csv --budget 20 --seed 0 --run-id ARC_refinement_b20_s0_th0.2 --variant refinement --threshold 0.2 --cluster-mode each_frame
baseline,ARC-refinement,20,1,0.2,outputs/ours_vs_baselines_realcartest_v1/baseline_outputs/ARC_refinement_b20_s1_th0.2,PASS,,python /qiuyeqing/llama_prl/G-ARC/refe_repos/adapter/arc_baseline/run.py --input /qiuyeqing/llama_prl/G-ARC/outputs/real_video_protocol_pilot_v1/frame_scores_adapter_ready.csv --output-dir /qiuyeqing/llama_prl/G-ARC/outputs/ours_vs_baselines_realcartest_v1/baseline_outputs/ARC_refinement_b20_s1_th0.2 --reference-segments /qiuyeqing/llama_prl/G-ARC/outputs/real_video_protocol_pilot_v1/reference_segments_adapter_ready.csv --budget 20 --seed 1 --run-id ARC_refinement_b20_s1_th0.2 --variant refinement --threshold 0.2 --cluster-mode each_frame
baseline,ARC-refinement,20,2,0.2,outputs/ours_vs_baselines_realcartest_v1/baseline_outputs/ARC_refinement_b20_s2_th0.2,PASS,,python /qiuyeqing/llama_prl/G-ARC/refe_repos/adapter/arc_baseline/run.py --input /qiuyeqing/llama_prl/G-ARC/outputs/real_video_protocol_pilot_v1/frame_scores_adapter_ready.csv --output-dir /qiuyeqing/llama_prl/G-ARC/outputs/ours_vs_baselines_realcartest_v1/baseline_outputs/ARC_refinement_b20_s2_th0.2 --reference-segments /qiuyeqing/llama_prl/G-ARC/outputs/real_video_protocol_pilot_v1/reference_segments_adapter_ready.csv --budget 20 --seed 2 --run-id ARC_refinement_b20_s2_th0.2 --variant refinement --threshold 0.2 --cluster-mode each_frame
baseline,ARC-refinement,20,3,0.2,outputs/ours_vs_baselines_realcartest_v1/baseline_outputs/ARC_refinement_b20_s3_th0.2,PASS,,python /qiuyeqing/llama_prl/G-ARC/refe_repos/adapter/arc_baseline/run.py --input /qiuyeqing/llama_prl/G-ARC/outputs/real_video_protocol_pilot_v1/frame_scores_adapter_ready.csv --output-dir /qiuyeqing/llama_prl/G-ARC/outputs/ours_vs_baselines_realcartest_v1/baseline_outputs/ARC_refinement_b20_s3_th0.2 --reference-segments /qiuyeqing/llama_prl/G-ARC/outputs/real_video_protocol_pilot_v1/reference_segments_adapter_ready.csv --budget 20 --seed 3 --run-id ARC_refinement_b20_s3_th0.2 --variant refinement --threshold 0.2 --cluster-mode each_frame
baseline,ARC-refinement,20,4,0.2,outputs/ours_vs_baselines_realcartest_v1/baseline_outputs/ARC_refinement_b20_s4_th0.2,PASS,,python /qiuyeqing/llama_prl/G-ARC/refe_repos/adapter/arc_baseline/run.py --input /qiuyeqing/llama_prl/G-ARC/outputs/real_video_protocol_pilot_v1/frame_scores_adapter_ready.csv --output-dir /qiuyeqing/llama_prl/G-ARC/outputs/ours_vs_baselines_realcartest_v1/baseline_outputs/ARC_refinement_b20_s4_th0.2 --reference-segments /qiuyeqing/llama_prl/G-ARC/outputs/real_video_protocol_pilot_v1/reference_segments_adapter_ready.csv --budget 20 --seed 4 --run-id ARC_refinement_b20_s4_th0.2 --variant refinement --threshold 0.2 --cluster-mode each_frame
baseline,ARC-refinement,20,0,0.3,outputs/ours_vs_baselines_realcartest_v1/baseline_outputs/ARC_refinement_b20_s0_th0.3,PASS,,python /qiuyeqing/llama_prl/G-ARC/refe_repos/adapter/arc_baseline/run.py --input /qiuyeqing/llama_prl/G-ARC/outputs/real_video_protocol_pilot_v1/frame_scores_adapter_ready.csv --output-dir /qiuyeqing/llama_prl/G-ARC/outputs/ours_vs_baselines_realcartest_v1/baseline_outputs/ARC_refinement_b20_s0_th0.3 --reference-segments /qiuyeqing/llama_prl/G-ARC/outputs/real_video_protocol_pilot_v1/reference_segments_adapter_ready.csv --budget 20 --seed 0 --run-id ARC_refinement_b20_s0_th0.3 --variant refinement --threshold 0.3 --cluster-mode each_frame
baseline,ARC-refinement,20,1,0.3,outputs/ours_vs_baselines_realcartest_v1/baseline_outputs/ARC_refinement_b20_s1_th0.3,PASS,,python /qiuyeqing/llama_prl/G-ARC/refe_repos/adapter/arc_baseline/run.py --input /qiuyeqing/llama_prl/G-ARC/outputs/real_video_protocol_pilot_v1/frame_scores_adapter_ready.csv --output-dir /qiuyeqing/llama_prl/G-ARC/outputs/ours_vs_baselines_realcartest_v1/baseline_outputs/ARC_refinement_b20_s1_th0.3 --reference-segments /qiuyeqing/llama_prl/G-ARC/outputs/real_video_protocol_pilot_v1/reference_segments_adapter_ready.csv --budget 20 --seed 1 --run-id ARC_refinement_b20_s1_th0.3 --variant refinement --threshold 0.3 --cluster-mode each_frame
baseline,ARC-refinement,20,2,0.3,outputs/ours_vs_baselines_realcartest_v1/baseline_outputs/ARC_refinement_b20_s2_th0.3,PASS,,python /qiuyeqing/llama_prl/G-ARC/refe_repos/adapter/arc_baseline/run.py --input /qiuyeqing/llama_prl/G-ARC/outputs/real_video_protocol_pilot_v1/frame_scores_adapter_ready.csv --output-dir /qiuyeqing/llama_prl/G-ARC/outputs/ours_vs_baselines_realcartest_v1/baseline_outputs/ARC_refinement_b20_s2_th0.3 --reference-segments /qiuyeqing/llama_prl/G-ARC/outputs/real_video_protocol_pilot_v1/reference_segments_adapter_ready.csv --budget 20 --seed 2 --run-id ARC_refinement_b20_s2_th0.3 --variant refinement --threshold 0.3 --cluster-mode each_frame
baseline,ARC-refinement,20,3,0.3,outputs/ours_vs_baselines_realcartest_v1/baseline_outputs/ARC_refinement_b20_s3_th0.3,PASS,,python /qiuyeqing/llama_prl/G-ARC/refe_repos/adapter/arc_baseline/run.py --input /qiuyeqing/llama_prl/G-ARC/outputs/real_video_protocol_pilot_v1/frame_scores_adapter_ready.csv --output-dir /qiuyeqing/llama_prl/G-ARC/outputs/ours_vs_baselines_realcartest_v1/baseline_outputs/ARC_refinement_b20_s3_th0.3 --reference-segments /qiuyeqing/llama_prl/G-ARC/outputs/real_video_protocol_pilot_v1/reference_segments_adapter_ready.csv --budget 20 --seed 3 --run-id ARC_refinement_b20_s3_th0.3 --variant refinement --threshold 0.3 --cluster-mode each_frame
baseline,ARC-refinement,20,4,0.3,outputs/ours_vs_baselines_realcartest_v1/baseline_outputs/ARC_refinement_b20_s4_th0.3,PASS,,python /qiuyeqing/llama_prl/G-ARC/refe_repos/adapter/arc_baseline/run.py --input /qiuyeqing/llama_prl/G-ARC/outputs/real_video_protocol_pilot_v1/frame_scores_adapter_ready.csv --output-dir /qiuyeqing/llama_prl/G-ARC/outputs/ours_vs_baselines_realcartest_v1/baseline_outputs/ARC_refinement_b20_s4_th0.3 --reference-segments /qiuyeqing/llama_prl/G-ARC/outputs/real_video_protocol_pilot_v1/reference_segments_adapter_ready.csv --budget 20 --seed 4 --run-id ARC_refinement_b20_s4_th0.3 --variant refinement --threshold 0.3 --cluster-mode each_frame
baseline,ARC-refinement,20,0,0.4,outputs/ours_vs_baselines_realcartest_v1/baseline_outputs/ARC_refinement_b20_s0_th0.4,PASS,,python /qiuyeqing/llama_prl/G-ARC/refe_repos/adapter/arc_baseline/run.py --input /qiuyeqing/llama_prl/G-ARC/outputs/real_video_protocol_pilot_v1/frame_scores_adapter_ready.csv --output-dir /qiuyeqing/llama_prl/G-ARC/outputs/ours_vs_baselines_realcartest_v1/baseline_outputs/ARC_refinement_b20_s0_th0.4 --reference-segments /qiuyeqing/llama_prl/G-ARC/outputs/real_video_protocol_pilot_v1/reference_segments_adapter_ready.csv --budget 20 --seed 0 --run-id ARC_refinement_b20_s0_th0.4 --variant refinement --threshold 0.4 --cluster-mode each_frame
baseline,ARC-refinement,20,1,0.4,outputs/ours_vs_baselines_realcartest_v1/baseline_outputs/ARC_refinement_b20_s1_th0.4,PASS,,python /qiuyeqing/llama_prl/G-ARC/refe_repos/adapter/arc_baseline/run.py --input /qiuyeqing/llama_prl/G-ARC/outputs/real_video_protocol_pilot_v1/frame_scores_adapter_ready.csv --output-dir /qiuyeqing/llama_prl/G-ARC/outputs/ours_vs_baselines_realcartest_v1/baseline_outputs/ARC_refinement_b20_s1_th0.4 --reference-segments /qiuyeqing/llama_prl/G-ARC/outputs/real_video_protocol_pilot_v1/reference_segments_adapter_ready.csv --budget 20 --seed 1 --run-id ARC_refinement_b20_s1_th0.4 --variant refinement --threshold 0.4 --cluster-mode each_frame
baseline,ARC-refinement,20,2,0.4,outputs/ours_vs_baselines_realcartest_v1/baseline_outputs/ARC_refinement_b20_s2_th0.4,PASS,,python /qiuyeqing/llama_prl/G-ARC/refe_repos/adapter/arc_baseline/run.py --input /qiuyeqing/llama_prl/G-ARC/outputs/real_video_protocol_pilot_v1/frame_scores_adapter_ready.csv --output-dir /qiuyeqing/llama_prl/G-ARC/outputs/ours_vs_baselines_realcartest_v1/baseline_outputs/ARC_refinement_b20_s2_th0.4 --reference-segments /qiuyeqing/llama_prl/G-ARC/outputs/real_video_protocol_pilot_v1/reference_segments_adapter_ready.csv --budget 20 --seed 2 --run-id ARC_refinement_b20_s2_th0.4 --variant refinement --threshold 0.4 --cluster-mode each_frame
baseline,ARC-refinement,20,3,0.4,outputs/ours_vs_baselines_realcartest_v1/baseline_outputs/ARC_refinement_b20_s3_th0.4,PASS,,python /qiuyeqing/llama_prl/G-ARC/refe_repos/adapter/arc_baseline/run.py --input /qiuyeqing/llama_prl/G-ARC/outputs/real_video_protocol_pilot_v1/frame_scores_adapter_ready.csv --output-dir /qiuyeqing/llama_prl/G-ARC/outputs/ours_vs_baselines_realcartest_v1/baseline_outputs/ARC_refinement_b20_s3_th0.4 --reference-segments /qiuyeqing/llama_prl/G-ARC/outputs/real_video_protocol_pilot_v1/reference_segments_adapter_ready.csv --budget 20 --seed 3 --run-id ARC_refinement_b20_s3_th0.4 --variant refinement --threshold 0.4 --cluster-mode each_frame
baseline,ARC-refinement,20,4,0.4,outputs/ours_vs_baselines_realcartest_v1/baseline_outputs/ARC_refinement_b20_s4_th0.4,PASS,,python /qiuyeqing/llama_prl/G-ARC/refe_repos/adapter/arc_baseline/run.py --input /qiuyeqing/llama_prl/G-ARC/outputs/real_video_protocol_pilot_v1/frame_scores_adapter_ready.csv --output-dir /qiuyeqing/llama_prl/G-ARC/outputs/ours_vs_baselines_realcartest_v1/baseline_outputs/ARC_refinement_b20_s4_th0.4 --reference-segments /qiuyeqing/llama_prl/G-ARC/outputs/real_video_protocol_pilot_v1/reference_segments_adapter_ready.csv --budget 20 --seed 4 --run-id ARC_refinement_b20_s4_th0.4 --variant refinement --threshold 0.4 --cluster-mode each_frame
baseline,ARC-refinement,20,0,0.5,outputs/ours_vs_baselines_realcartest_v1/baseline_outputs/ARC_refinement_b20_s0_th0.5,PASS,,python /qiuyeqing/llama_prl/G-ARC/refe_repos/adapter/arc_baseline/run.py --input /qiuyeqing/llama_prl/G-ARC/outputs/real_video_protocol_pilot_v1/frame_scores_adapter_ready.csv --output-dir /qiuyeqing/llama_prl/G-ARC/outputs/ours_vs_baselines_realcartest_v1/baseline_outputs/ARC_refinement_b20_s0_th0.5 --reference-segments /qiuyeqing/llama_prl/G-ARC/outputs/real_video_protocol_pilot_v1/reference_segments_adapter_ready.csv --budget 20 --seed 0 --run-id ARC_refinement_b20_s0_th0.5 --variant refinement --threshold 0.5 --cluster-mode each_frame
baseline,ARC-refinement,20,1,0.5,outputs/ours_vs_baselines_realcartest_v1/baseline_outputs/ARC_refinement_b20_s1_th0.5,PASS,,python /qiuyeqing/llama_prl/G-ARC/refe_repos/adapter/arc_baseline/run.py --input /qiuyeqing/llama_prl/G-ARC/outputs/real_video_protocol_pilot_v1/frame_scores_adapter_ready.csv --output-dir /qiuyeqing/llama_prl/G-ARC/outputs/ours_vs_baselines_realcartest_v1/baseline_outputs/ARC_refinement_b20_s1_th0.5 --reference-segments /qiuyeqing/llama_prl/G-ARC/outputs/real_video_protocol_pilot_v1/reference_segments_adapter_ready.csv --budget 20 --seed 1 --run-id ARC_refinement_b20_s1_th0.5 --variant refinement --threshold 0.5 --cluster-mode each_frame
baseline,ARC-refinement,20,2,0.5,outputs/ours_vs_baselines_realcartest_v1/baseline_outputs/ARC_refinement_b20_s2_th0.5,PASS,,python /qiuyeqing/llama_prl/G-ARC/refe_repos/adapter/arc_baseline/run.py --input /qiuyeqing/llama_prl/G-ARC/outputs/real_video_protocol_pilot_v1/frame_scores_adapter_ready.csv --output-dir /qiuyeqing/llama_prl/G-ARC/outputs/ours_vs_baselines_realcartest_v1/baseline_outputs/ARC_refinement_b20_s2_th0.5 --reference-segments /qiuyeqing/llama_prl/G-ARC/outputs/real_video_protocol_pilot_v1/reference_segments_adapter_ready.csv --budget 20 --seed 2 --run-id ARC_refinement_b20_s2_th0.5 --variant refinement --threshold 0.5 --cluster-mode each_frame
baseline,ARC-refinement,20,3,0.5,outputs/ours_vs_baselines_realcartest_v1/baseline_outputs/ARC_refinement_b20_s3_th0.5,PASS,,python /qiuyeqing/llama_prl/G-ARC/refe_repos/adapter/arc_baseline/run.py --input /qiuyeqing/llama_prl/G-ARC/outputs/real_video_protocol_pilot_v1/frame_scores_adapter_ready.csv --output-dir /qiuyeqing/llama_prl/G-ARC/outputs/ours_vs_baselines_realcartest_v1/baseline_outputs/ARC_refinement_b20_s3_th0.5 --reference-segments /qiuyeqing/llama_prl/G-ARC/outputs/real_video_protocol_pilot_v1/reference_segments_adapter_ready.csv --budget 20 --seed 3 --run-id ARC_refinement_b20_s3_th0.5 --variant refinement --threshold 0.5 --cluster-mode each_frame
baseline,ARC-refinement,20,4,0.5,outputs/ours_vs_baselines_realcartest_v1/baseline_outputs/ARC_refinement_b20_s4_th0.5,PASS,,python /qiuyeqing/llama_prl/G-ARC/refe_repos/adapter/arc_baseline/run.py --input /qiuyeqing/llama_prl/G-ARC/outputs/real_video_protocol_pilot_v1/frame_scores_adapter_ready.csv --output-dir /qiuyeqing/llama_prl/G-ARC/outputs/ours_vs_baselines_realcartest_v1/baseline_outputs/ARC_refinement_b20_s4_th0.5 --reference-segments /qiuyeqing/llama_prl/G-ARC/outputs/real_video_protocol_pilot_v1/reference_segments_adapter_ready.csv --budget 20 --seed 4 --run-id ARC_refinement_b20_s4_th0.5 --variant refinement --threshold 0.5 --cluster-mode each_frame
baseline,ARC-refinement,30,0,0.1,outputs/ours_vs_baselines_realcartest_v1/baseline_outputs/ARC_refinement_b30_s0_th0.1,PASS,,python /qiuyeqing/llama_prl/G-ARC/refe_repos/adapter/arc_baseline/run.py --input /qiuyeqing/llama_prl/G-ARC/outputs/real_video_protocol_pilot_v1/frame_scores_adapter_ready.csv --output-dir /qiuyeqing/llama_prl/G-ARC/outputs/ours_vs_baselines_realcartest_v1/baseline_outputs/ARC_refinement_b30_s0_th0.1 --reference-segments /qiuyeqing/llama_prl/G-ARC/outputs/real_video_protocol_pilot_v1/reference_segments_adapter_ready.csv --budget 30 --seed 0 --run-id ARC_refinement_b30_s0_th0.1 --variant refinement --threshold 0.1 --cluster-mode each_frame
baseline,ARC-refinement,30,1,0.1,outputs/ours_vs_baselines_realcartest_v1/baseline_outputs/ARC_refinement_b30_s1_th0.1,PASS,,python /qiuyeqing/llama_prl/G-ARC/refe_repos/adapter/arc_baseline/run.py --input /qiuyeqing/llama_prl/G-ARC/outputs/real_video_protocol_pilot_v1/frame_scores_adapter_ready.csv --output-dir /qiuyeqing/llama_prl/G-ARC/outputs/ours_vs_baselines_realcartest_v1/baseline_outputs/ARC_refinement_b30_s1_th0.1 --reference-segments /qiuyeqing/llama_prl/G-ARC/outputs/real_video_protocol_pilot_v1/reference_segments_adapter_ready.csv --budget 30 --seed 1 --run-id ARC_refinement_b30_s1_th0.1 --variant refinement --threshold 0.1 --cluster-mode each_frame
baseline,ARC-refinement,30,2,0.1,outputs/ours_vs_baselines_realcartest_v1/baseline_outputs/ARC_refinement_b30_s2_th0.1,PASS,,python /qiuyeqing/llama_prl/G-ARC/refe_repos/adapter/arc_baseline/run.py --input /qiuyeqing/llama_prl/G-ARC/outputs/real_video_protocol_pilot_v1/frame_scores_adapter_ready.csv --output-dir /qiuyeqing/llama_prl/G-ARC/outputs/ours_vs_baselines_realcartest_v1/baseline_outputs/ARC_refinement_b30_s2_th0.1 --reference-segments /qiuyeqing/llama_prl/G-ARC/outputs/real_video_protocol_pilot_v1/reference_segments_adapter_ready.csv --budget 30 --seed 2 --run-id ARC_refinement_b30_s2_th0.1 --variant refinement --threshold 0.1 --cluster-mode each_frame
baseline,ARC-refinement,30,3,0.1,outputs/ours_vs_baselines_realcartest_v1/baseline_outputs/ARC_refinement_b30_s3_th0.1,PASS,,python /qiuyeqing/llama_prl/G-ARC/refe_repos/adapter/arc_baseline/run.py --input /qiuyeqing/llama_prl/G-ARC/outputs/real_video_protocol_pilot_v1/frame_scores_adapter_ready.csv --output-dir /qiuyeqing/llama_prl/G-ARC/outputs/ours_vs_baselines_realcartest_v1/baseline_outputs/ARC_refinement_b30_s3_th0.1 --reference-segments /qiuyeqing/llama_prl/G-ARC/outputs/real_video_protocol_pilot_v1/reference_segments_adapter_ready.csv --budget 30 --seed 3 --run-id ARC_refinement_b30_s3_th0.1 --variant refinement --threshold 0.1 --cluster-mode each_frame
baseline,ARC-refinement,30,4,0.1,outputs/ours_vs_baselines_realcartest_v1/baseline_outputs/ARC_refinement_b30_s4_th0.1,PASS,,python /qiuyeqing/llama_prl/G-ARC/refe_repos/adapter/arc_baseline/run.py --input /qiuyeqing/llama_prl/G-ARC/outputs/real_video_protocol_pilot_v1/frame_scores_adapter_ready.csv --output-dir /qiuyeqing/llama_prl/G-ARC/outputs/ours_vs_baselines_realcartest_v1/baseline_outputs/ARC_refinement_b30_s4_th0.1 --reference-segments /qiuyeqing/llama_prl/G-ARC/outputs/real_video_protocol_pilot_v1/reference_segments_adapter_ready.csv --budget 30 --seed 4 --run-id ARC_refinement_b30_s4_th0.1 --variant refinement --threshold 0.1 --cluster-mode each_frame
baseline,ARC-refinement,30,0,0.2,outputs/ours_vs_baselines_realcartest_v1/baseline_outputs/ARC_refinement_b30_s0_th0.2,PASS,,python /qiuyeqing/llama_prl/G-ARC/refe_repos/adapter/arc_baseline/run.py --input /qiuyeqing/llama_prl/G-ARC/outputs/real_video_protocol_pilot_v1/frame_scores_adapter_ready.csv --output-dir /qiuyeqing/llama_prl/G-ARC/outputs/ours_vs_baselines_realcartest_v1/baseline_outputs/ARC_refinement_b30_s0_th0.2 --reference-segments /qiuyeqing/llama_prl/G-ARC/outputs/real_video_protocol_pilot_v1/reference_segments_adapter_ready.csv --budget 30 --seed 0 --run-id ARC_refinement_b30_s0_th0.2 --variant refinement --threshold 0.2 --cluster-mode each_frame
baseline,ARC-refinement,30,1,0.2,outputs/ours_vs_baselines_realcartest_v1/baseline_outputs/ARC_refinement_b30_s1_th0.2,PASS,,python /qiuyeqing/llama_prl/G-ARC/refe_repos/adapter/arc_baseline/run.py --input /qiuyeqing/llama_prl/G-ARC/outputs/real_video_protocol_pilot_v1/frame_scores_adapter_ready.csv --output-dir /qiuyeqing/llama_prl/G-ARC/outputs/ours_vs_baselines_realcartest_v1/baseline_outputs/ARC_refinement_b30_s1_th0.2 --reference-segments /qiuyeqing/llama_prl/G-ARC/outputs/real_video_protocol_pilot_v1/reference_segments_adapter_ready.csv --budget 30 --seed 1 --run-id ARC_refinement_b30_s1_th0.2 --variant refinement --threshold 0.2 --cluster-mode each_frame
baseline,ARC-refinement,30,2,0.2,outputs/ours_vs_baselines_realcartest_v1/baseline_outputs/ARC_refinement_b30_s2_th0.2,PASS,,python /qiuyeqing/llama_prl/G-ARC/refe_repos/adapter/arc_baseline/run.py --input /qiuyeqing/llama_prl/G-ARC/outputs/real_video_protocol_pilot_v1/frame_scores_adapter_ready.csv --output-dir /qiuyeqing/llama_prl/G-ARC/outputs/ours_vs_baselines_realcartest_v1/baseline_outputs/ARC_refinement_b30_s2_th0.2 --reference-segments /qiuyeqing/llama_prl/G-ARC/outputs/real_video_protocol_pilot_v1/reference_segments_adapter_ready.csv --budget 30 --seed 2 --run-id ARC_refinement_b30_s2_th0.2 --variant refinement --threshold 0.2 --cluster-mode each_frame
baseline,ARC-refinement,30,3,0.2,outputs/ours_vs_baselines_realcartest_v1/baseline_outputs/ARC_refinement_b30_s3_th0.2,PASS,,python /qiuyeqing/llama_prl/G-ARC/refe_repos/adapter/arc_baseline/run.py --input /qiuyeqing/llama_prl/G-ARC/outputs/real_video_protocol_pilot_v1/frame_scores_adapter_ready.csv --output-dir /qiuyeqing/llama_prl/G-ARC/outputs/ours_vs_baselines_realcartest_v1/baseline_outputs/ARC_refinement_b30_s3_th0.2 --reference-segments /qiuyeqing/llama_prl/G-ARC/outputs/real_video_protocol_pilot_v1/reference_segments_adapter_ready.csv --budget 30 --seed 3 --run-id ARC_refinement_b30_s3_th0.2 --variant refinement --threshold 0.2 --cluster-mode each_frame
baseline,ARC-refinement,30,4,0.2,outputs/ours_vs_baselines_realcartest_v1/baseline_outputs/ARC_refinement_b30_s4_th0.2,PASS,,python /qiuyeqing/llama_prl/G-ARC/refe_repos/adapter/arc_baseline/run.py --input /qiuyeqing/llama_prl/G-ARC/outputs/real_video_protocol_pilot_v1/frame_scores_adapter_ready.csv --output-dir /qiuyeqing/llama_prl/G-ARC/outputs/ours_vs_baselines_realcartest_v1/baseline_outputs/ARC_refinement_b30_s4_th0.2 --reference-segments /qiuyeqing/llama_prl/G-ARC/outputs/real_video_protocol_pilot_v1/reference_segments_adapter_ready.csv --budget 30 --seed 4 --run-id ARC_refinement_b30_s4_th0.2 --variant refinement --threshold 0.2 --cluster-mode each_frame
baseline,ARC-refinement,30,0,0.3,outputs/ours_vs_baselines_realcartest_v1/baseline_outputs/ARC_refinement_b30_s0_th0.3,PASS,,python /qiuyeqing/llama_prl/G-ARC/refe_repos/adapter/arc_baseline/run.py --input /qiuyeqing/llama_prl/G-ARC/outputs/real_video_protocol_pilot_v1/frame_scores_adapter_ready.csv --output-dir /qiuyeqing/llama_prl/G-ARC/outputs/ours_vs_baselines_realcartest_v1/baseline_outputs/ARC_refinement_b30_s0_th0.3 --reference-segments /qiuyeqing/llama_prl/G-ARC/outputs/real_video_protocol_pilot_v1/reference_segments_adapter_ready.csv --budget 30 --seed 0 --run-id ARC_refinement_b30_s0_th0.3 --variant refinement --threshold 0.3 --cluster-mode each_frame
baseline,ARC-refinement,30,1,0.3,outputs/ours_vs_baselines_realcartest_v1/baseline_outputs/ARC_refinement_b30_s1_th0.3,PASS,,python /qiuyeqing/llama_prl/G-ARC/refe_repos/adapter/arc_baseline/run.py --input /qiuyeqing/llama_prl/G-ARC/outputs/real_video_protocol_pilot_v1/frame_scores_adapter_ready.csv --output-dir /qiuyeqing/llama_prl/G-ARC/outputs/ours_vs_baselines_realcartest_v1/baseline_outputs/ARC_refinement_b30_s1_th0.3 --reference-segments /qiuyeqing/llama_prl/G-ARC/outputs/real_video_protocol_pilot_v1/reference_segments_adapter_ready.csv --budget 30 --seed 1 --run-id ARC_refinement_b30_s1_th0.3 --variant refinement --threshold 0.3 --cluster-mode each_frame
baseline,ARC-refinement,30,2,0.3,outputs/ours_vs_baselines_realcartest_v1/baseline_outputs/ARC_refinement_b30_s2_th0.3,PASS,,python /qiuyeqing/llama_prl/G-ARC/refe_repos/adapter/arc_baseline/run.py --input /qiuyeqing/llama_prl/G-ARC/outputs/real_video_protocol_pilot_v1/frame_scores_adapter_ready.csv --output-dir /qiuyeqing/llama_prl/G-ARC/outputs/ours_vs_baselines_realcartest_v1/baseline_outputs/ARC_refinement_b30_s2_th0.3 --reference-segments /qiuyeqing/llama_prl/G-ARC/outputs/real_video_protocol_pilot_v1/reference_segments_adapter_ready.csv --budget 30 --seed 2 --run-id ARC_refinement_b30_s2_th0.3 --variant refinement --threshold 0.3 --cluster-mode each_frame
baseline,ARC-refinement,30,3,0.3,outputs/ours_vs_baselines_realcartest_v1/baseline_outputs/ARC_refinement_b30_s3_th0.3,PASS,,python /qiuyeqing/llama_prl/G-ARC/refe_repos/adapter/arc_baseline/run.py --input /qiuyeqing/llama_prl/G-ARC/outputs/real_video_protocol_pilot_v1/frame_scores_adapter_ready.csv --output-dir /qiuyeqing/llama_prl/G-ARC/outputs/ours_vs_baselines_realcartest_v1/baseline_outputs/ARC_refinement_b30_s3_th0.3 --reference-segments /qiuyeqing/llama_prl/G-ARC/outputs/real_video_protocol_pilot_v1/reference_segments_adapter_ready.csv --budget 30 --seed 3 --run-id ARC_refinement_b30_s3_th0.3 --variant refinement --threshold 0.3 --cluster-mode each_frame
baseline,ARC-refinement,30,4,0.3,outputs/ours_vs_baselines_realcartest_v1/baseline_outputs/ARC_refinement_b30_s4_th0.3,PASS,,python /qiuyeqing/llama_prl/G-ARC/refe_repos/adapter/arc_baseline/run.py --input /qiuyeqing/llama_prl/G-ARC/outputs/real_video_protocol_pilot_v1/frame_scores_adapter_ready.csv --output-dir /qiuyeqing/llama_prl/G-ARC/outputs/ours_vs_baselines_realcartest_v1/baseline_outputs/ARC_refinement_b30_s4_th0.3 --reference-segments /qiuyeqing/llama_prl/G-ARC/outputs/real_video_protocol_pilot_v1/reference_segments_adapter_ready.csv --budget 30 --seed 4 --run-id ARC_refinement_b30_s4_th0.3 --variant refinement --threshold 0.3 --cluster-mode each_frame
baseline,ARC-refinement,30,0,0.4,outputs/ours_vs_baselines_realcartest_v1/baseline_outputs/ARC_refinement_b30_s0_th0.4,PASS,,python /qiuyeqing/llama_prl/G-ARC/refe_repos/adapter/arc_baseline/run.py --input /qiuyeqing/llama_prl/G-ARC/outputs/real_video_protocol_pilot_v1/frame_scores_adapter_ready.csv --output-dir /qiuyeqing/llama_prl/G-ARC/outputs/ours_vs_baselines_realcartest_v1/baseline_outputs/ARC_refinement_b30_s0_th0.4 --reference-segments /qiuyeqing/llama_prl/G-ARC/outputs/real_video_protocol_pilot_v1/reference_segments_adapter_ready.csv --budget 30 --seed 0 --run-id ARC_refinement_b30_s0_th0.4 --variant refinement --threshold 0.4 --cluster-mode each_frame
baseline,ARC-refinement,30,1,0.4,outputs/ours_vs_baselines_realcartest_v1/baseline_outputs/ARC_refinement_b30_s1_th0.4,PASS,,python /qiuyeqing/llama_prl/G-ARC/refe_repos/adapter/arc_baseline/run.py --input /qiuyeqing/llama_prl/G-ARC/outputs/real_video_protocol_pilot_v1/frame_scores_adapter_ready.csv --output-dir /qiuyeqing/llama_prl/G-ARC/outputs/ours_vs_baselines_realcartest_v1/baseline_outputs/ARC_refinement_b30_s1_th0.4 --reference-segments /qiuyeqing/llama_prl/G-ARC/outputs/real_video_protocol_pilot_v1/reference_segments_adapter_ready.csv --budget 30 --seed 1 --run-id ARC_refinement_b30_s1_th0.4 --variant refinement --threshold 0.4 --cluster-mode each_frame
baseline,ARC-refinement,30,2,0.4,outputs/ours_vs_baselines_realcartest_v1/baseline_outputs/ARC_refinement_b30_s2_th0.4,PASS,,python /qiuyeqing/llama_prl/G-ARC/refe_repos/adapter/arc_baseline/run.py --input /qiuyeqing/llama_prl/G-ARC/outputs/real_video_protocol_pilot_v1/frame_scores_adapter_ready.csv --output-dir /qiuyeqing/llama_prl/G-ARC/outputs/ours_vs_baselines_realcartest_v1/baseline_outputs/ARC_refinement_b30_s2_th0.4 --reference-segments /qiuyeqing/llama_prl/G-ARC/outputs/real_video_protocol_pilot_v1/reference_segments_adapter_ready.csv --budget 30 --seed 2 --run-id ARC_refinement_b30_s2_th0.4 --variant refinement --threshold 0.4 --cluster-mode each_frame
baseline,ARC-refinement,30,3,0.4,outputs/ours_vs_baselines_realcartest_v1/baseline_outputs/ARC_refinement_b30_s3_th0.4,PASS,,python /qiuyeqing/llama_prl/G-ARC/refe_repos/adapter/arc_baseline/run.py --input /qiuyeqing/llama_prl/G-ARC/outputs/real_video_protocol_pilot_v1/frame_scores_adapter_ready.csv --output-dir /qiuyeqing/llama_prl/G-ARC/outputs/ours_vs_baselines_realcartest_v1/baseline_outputs/ARC_refinement_b30_s3_th0.4 --reference-segments /qiuyeqing/llama_prl/G-ARC/outputs/real_video_protocol_pilot_v1/reference_segments_adapter_ready.csv --budget 30 --seed 3 --run-id ARC_refinement_b30_s3_th0.4 --variant refinement --threshold 0.4 --cluster-mode each_frame
baseline,ARC-refinement,30,4,0.4,outputs/ours_vs_baselines_realcartest_v1/baseline_outputs/ARC_refinement_b30_s4_th0.4,PASS,,python /qiuyeqing/llama_prl/G-ARC/refe_repos/adapter/arc_baseline/run.py --input /qiuyeqing/llama_prl/G-ARC/outputs/real_video_protocol_pilot_v1/frame_scores_adapter_ready.csv --output-dir /qiuyeqing/llama_prl/G-ARC/outputs/ours_vs_baselines_realcartest_v1/baseline_outputs/ARC_refinement_b30_s4_th0.4 --reference-segments /qiuyeqing/llama_prl/G-ARC/outputs/real_video_protocol_pilot_v1/reference_segments_adapter_ready.csv --budget 30 --seed 4 --run-id ARC_refinement_b30_s4_th0.4 --variant refinement --threshold 0.4 --cluster-mode each_frame
baseline,ARC-refinement,30,0,0.5,outputs/ours_vs_baselines_realcartest_v1/baseline_outputs/ARC_refinement_b30_s0_th0.5,PASS,,python /qiuyeqing/llama_prl/G-ARC/refe_repos/adapter/arc_baseline/run.py --input /qiuyeqing/llama_prl/G-ARC/outputs/real_video_protocol_pilot_v1/frame_scores_adapter_ready.csv --output-dir /qiuyeqing/llama_prl/G-ARC/outputs/ours_vs_baselines_realcartest_v1/baseline_outputs/ARC_refinement_b30_s0_th0.5 --reference-segments /qiuyeqing/llama_prl/G-ARC/outputs/real_video_protocol_pilot_v1/reference_segments_adapter_ready.csv --budget 30 --seed 0 --run-id ARC_refinement_b30_s0_th0.5 --variant refinement --threshold 0.5 --cluster-mode each_frame
baseline,ARC-refinement,30,1,0.5,outputs/ours_vs_baselines_realcartest_v1/baseline_outputs/ARC_refinement_b30_s1_th0.5,PASS,,python /qiuyeqing/llama_prl/G-ARC/refe_repos/adapter/arc_baseline/run.py --input /qiuyeqing/llama_prl/G-ARC/outputs/real_video_protocol_pilot_v1/frame_scores_adapter_ready.csv --output-dir /qiuyeqing/llama_prl/G-ARC/outputs/ours_vs_baselines_realcartest_v1/baseline_outputs/ARC_refinement_b30_s1_th0.5 --reference-segments /qiuyeqing/llama_prl/G-ARC/outputs/real_video_protocol_pilot_v1/reference_segments_adapter_ready.csv --budget 30 --seed 1 --run-id ARC_refinement_b30_s1_th0.5 --variant refinement --threshold 0.5 --cluster-mode each_frame
baseline,ARC-refinement,30,2,0.5,outputs/ours_vs_baselines_realcartest_v1/baseline_outputs/ARC_refinement_b30_s2_th0.5,PASS,,python /qiuyeqing/llama_prl/G-ARC/refe_repos/adapter/arc_baseline/run.py --input /qiuyeqing/llama_prl/G-ARC/outputs/real_video_protocol_pilot_v1/frame_scores_adapter_ready.csv --output-dir /qiuyeqing/llama_prl/G-ARC/outputs/ours_vs_baselines_realcartest_v1/baseline_outputs/ARC_refinement_b30_s2_th0.5 --reference-segments /qiuyeqing/llama_prl/G-ARC/outputs/real_video_protocol_pilot_v1/reference_segments_adapter_ready.csv --budget 30 --seed 2 --run-id ARC_refinement_b30_s2_th0.5 --variant refinement --threshold 0.5 --cluster-mode each_frame
baseline,ARC-refinement,30,3,0.5,outputs/ours_vs_baselines_realcartest_v1/baseline_outputs/ARC_refinement_b30_s3_th0.5,PASS,,python /qiuyeqing/llama_prl/G-ARC/refe_repos/adapter/arc_baseline/run.py --input /qiuyeqing/llama_prl/G-ARC/outputs/real_video_protocol_pilot_v1/frame_scores_adapter_ready.csv --output-dir /qiuyeqing/llama_prl/G-ARC/outputs/ours_vs_baselines_realcartest_v1/baseline_outputs/ARC_refinement_b30_s3_th0.5 --reference-segments /qiuyeqing/llama_prl/G-ARC/outputs/real_video_protocol_pilot_v1/reference_segments_adapter_ready.csv --budget 30 --seed 3 --run-id ARC_refinement_b30_s3_th0.5 --variant refinement --threshold 0.5 --cluster-mode each_frame
baseline,ARC-refinement,30,4,0.5,outputs/ours_vs_baselines_realcartest_v1/baseline_outputs/ARC_refinement_b30_s4_th0.5,PASS,,python /qiuyeqing/llama_prl/G-ARC/refe_repos/adapter/arc_baseline/run.py --input /qiuyeqing/llama_prl/G-ARC/outputs/real_video_protocol_pilot_v1/frame_scores_adapter_ready.csv --output-dir /qiuyeqing/llama_prl/G-ARC/outputs/ours_vs_baselines_realcartest_v1/baseline_outputs/ARC_refinement_b30_s4_th0.5 --reference-segments /qiuyeqing/llama_prl/G-ARC/outputs/real_video_protocol_pilot_v1/reference_segments_adapter_ready.csv --budget 30 --seed 4 --run-id ARC_refinement_b30_s4_th0.5 --variant refinement --threshold 0.5 --cluster-mode each_frame
baseline,ARC-refinement,40,0,0.1,outputs/ours_vs_baselines_realcartest_v1/baseline_outputs/ARC_refinement_b40_s0_th0.1,PASS,,python /qiuyeqing/llama_prl/G-ARC/refe_repos/adapter/arc_baseline/run.py --input /qiuyeqing/llama_prl/G-ARC/outputs/real_video_protocol_pilot_v1/frame_scores_adapter_ready.csv --output-dir /qiuyeqing/llama_prl/G-ARC/outputs/ours_vs_baselines_realcartest_v1/baseline_outputs/ARC_refinement_b40_s0_th0.1 --reference-segments /qiuyeqing/llama_prl/G-ARC/outputs/real_video_protocol_pilot_v1/reference_segments_adapter_ready.csv --budget 40 --seed 0 --run-id ARC_refinement_b40_s0_th0.1 --variant refinement --threshold 0.1 --cluster-mode each_frame
baseline,ARC-refinement,40,1,0.1,outputs/ours_vs_baselines_realcartest_v1/baseline_outputs/ARC_refinement_b40_s1_th0.1,PASS,,python /qiuyeqing/llama_prl/G-ARC/refe_repos/adapter/arc_baseline/run.py --input /qiuyeqing/llama_prl/G-ARC/outputs/real_video_protocol_pilot_v1/frame_scores_adapter_ready.csv --output-dir /qiuyeqing/llama_prl/G-ARC/outputs/ours_vs_baselines_realcartest_v1/baseline_outputs/ARC_refinement_b40_s1_th0.1 --reference-segments /qiuyeqing/llama_prl/G-ARC/outputs/real_video_protocol_pilot_v1/reference_segments_adapter_ready.csv --budget 40 --seed 1 --run-id ARC_refinement_b40_s1_th0.1 --variant refinement --threshold 0.1 --cluster-mode each_frame
baseline,ARC-refinement,40,2,0.1,outputs/ours_vs_baselines_realcartest_v1/baseline_outputs/ARC_refinement_b40_s2_th0.1,PASS,,python /qiuyeqing/llama_prl/G-ARC/refe_repos/adapter/arc_baseline/run.py --input /qiuyeqing/llama_prl/G-ARC/outputs/real_video_protocol_pilot_v1/frame_scores_adapter_ready.csv --output-dir /qiuyeqing/llama_prl/G-ARC/outputs/ours_vs_baselines_realcartest_v1/baseline_outputs/ARC_refinement_b40_s2_th0.1 --reference-segments /qiuyeqing/llama_prl/G-ARC/outputs/real_video_protocol_pilot_v1/reference_segments_adapter_ready.csv --budget 40 --seed 2 --run-id ARC_refinement_b40_s2_th0.1 --variant refinement --threshold 0.1 --cluster-mode each_frame
baseline,ARC-refinement,40,3,0.1,outputs/ours_vs_baselines_realcartest_v1/baseline_outputs/ARC_refinement_b40_s3_th0.1,PASS,,python /qiuyeqing/llama_prl/G-ARC/refe_repos/adapter/arc_baseline/run.py --input /qiuyeqing/llama_prl/G-ARC/outputs/real_video_protocol_pilot_v1/frame_scores_adapter_ready.csv --output-dir /qiuyeqing/llama_prl/G-ARC/outputs/ours_vs_baselines_realcartest_v1/baseline_outputs/ARC_refinement_b40_s3_th0.1 --reference-segments /qiuyeqing/llama_prl/G-ARC/outputs/real_video_protocol_pilot_v1/reference_segments_adapter_ready.csv --budget 40 --seed 3 --run-id ARC_refinement_b40_s3_th0.1 --variant refinement --threshold 0.1 --cluster-mode each_frame
baseline,ARC-refinement,40,4,0.1,outputs/ours_vs_baselines_realcartest_v1/baseline_outputs/ARC_refinement_b40_s4_th0.1,PASS,,python /qiuyeqing/llama_prl/G-ARC/refe_repos/adapter/arc_baseline/run.py --input /qiuyeqing/llama_prl/G-ARC/outputs/real_video_protocol_pilot_v1/frame_scores_adapter_ready.csv --output-dir /qiuyeqing/llama_prl/G-ARC/outputs/ours_vs_baselines_realcartest_v1/baseline_outputs/ARC_refinement_b40_s4_th0.1 --reference-segments /qiuyeqing/llama_prl/G-ARC/outputs/real_video_protocol_pilot_v1/reference_segments_adapter_ready.csv --budget 40 --seed 4 --run-id ARC_refinement_b40_s4_th0.1 --variant refinement --threshold 0.1 --cluster-mode each_frame
baseline,ARC-refinement,40,0,0.2,outputs/ours_vs_baselines_realcartest_v1/baseline_outputs/ARC_refinement_b40_s0_th0.2,PASS,,python /qiuyeqing/llama_prl/G-ARC/refe_repos/adapter/arc_baseline/run.py --input /qiuyeqing/llama_prl/G-ARC/outputs/real_video_protocol_pilot_v1/frame_scores_adapter_ready.csv --output-dir /qiuyeqing/llama_prl/G-ARC/outputs/ours_vs_baselines_realcartest_v1/baseline_outputs/ARC_refinement_b40_s0_th0.2 --reference-segments /qiuyeqing/llama_prl/G-ARC/outputs/real_video_protocol_pilot_v1/reference_segments_adapter_ready.csv --budget 40 --seed 0 --run-id ARC_refinement_b40_s0_th0.2 --variant refinement --threshold 0.2 --cluster-mode each_frame
baseline,ARC-refinement,40,1,0.2,outputs/ours_vs_baselines_realcartest_v1/baseline_outputs/ARC_refinement_b40_s1_th0.2,PASS,,python /qiuyeqing/llama_prl/G-ARC/refe_repos/adapter/arc_baseline/run.py --input /qiuyeqing/llama_prl/G-ARC/outputs/real_video_protocol_pilot_v1/frame_scores_adapter_ready.csv --output-dir /qiuyeqing/llama_prl/G-ARC/outputs/ours_vs_baselines_realcartest_v1/baseline_outputs/ARC_refinement_b40_s1_th0.2 --reference-segments /qiuyeqing/llama_prl/G-ARC/outputs/real_video_protocol_pilot_v1/reference_segments_adapter_ready.csv --budget 40 --seed 1 --run-id ARC_refinement_b40_s1_th0.2 --variant refinement --threshold 0.2 --cluster-mode each_frame
baseline,ARC-refinement,40,2,0.2,outputs/ours_vs_baselines_realcartest_v1/baseline_outputs/ARC_refinement_b40_s2_th0.2,PASS,,python /qiuyeqing/llama_prl/G-ARC/refe_repos/adapter/arc_baseline/run.py --input /qiuyeqing/llama_prl/G-ARC/outputs/real_video_protocol_pilot_v1/frame_scores_adapter_ready.csv --output-dir /qiuyeqing/llama_prl/G-ARC/outputs/ours_vs_baselines_realcartest_v1/baseline_outputs/ARC_refinement_b40_s2_th0.2 --reference-segments /qiuyeqing/llama_prl/G-ARC/outputs/real_video_protocol_pilot_v1/reference_segments_adapter_ready.csv --budget 40 --seed 2 --run-id ARC_refinement_b40_s2_th0.2 --variant refinement --threshold 0.2 --cluster-mode each_frame
baseline,ARC-refinement,40,3,0.2,outputs/ours_vs_baselines_realcartest_v1/baseline_outputs/ARC_refinement_b40_s3_th0.2,PASS,,python /qiuyeqing/llama_prl/G-ARC/refe_repos/adapter/arc_baseline/run.py --input /qiuyeqing/llama_prl/G-ARC/outputs/real_video_protocol_pilot_v1/frame_scores_adapter_ready.csv --output-dir /qiuyeqing/llama_prl/G-ARC/outputs/ours_vs_baselines_realcartest_v1/baseline_outputs/ARC_refinement_b40_s3_th0.2 --reference-segments /qiuyeqing/llama_prl/G-ARC/outputs/real_video_protocol_pilot_v1/reference_segments_adapter_ready.csv --budget 40 --seed 3 --run-id ARC_refinement_b40_s3_th0.2 --variant refinement --threshold 0.2 --cluster-mode each_frame
baseline,ARC-refinement,40,4,0.2,outputs/ours_vs_baselines_realcartest_v1/baseline_outputs/ARC_refinement_b40_s4_th0.2,PASS,,python /qiuyeqing/llama_prl/G-ARC/refe_repos/adapter/arc_baseline/run.py --input /qiuyeqing/llama_prl/G-ARC/outputs/real_video_protocol_pilot_v1/frame_scores_adapter_ready.csv --output-dir /qiuyeqing/llama_prl/G-ARC/outputs/ours_vs_baselines_realcartest_v1/baseline_outputs/ARC_refinement_b40_s4_th0.2 --reference-segments /qiuyeqing/llama_prl/G-ARC/outputs/real_video_protocol_pilot_v1/reference_segments_adapter_ready.csv --budget 40 --seed 4 --run-id ARC_refinement_b40_s4_th0.2 --variant refinement --threshold 0.2 --cluster-mode each_frame
baseline,ARC-refinement,40,0,0.3,outputs/ours_vs_baselines_realcartest_v1/baseline_outputs/ARC_refinement_b40_s0_th0.3,PASS,,python /qiuyeqing/llama_prl/G-ARC/refe_repos/adapter/arc_baseline/run.py --input /qiuyeqing/llama_prl/G-ARC/outputs/real_video_protocol_pilot_v1/frame_scores_adapter_ready.csv --output-dir /qiuyeqing/llama_prl/G-ARC/outputs/ours_vs_baselines_realcartest_v1/baseline_outputs/ARC_refinement_b40_s0_th0.3 --reference-segments /qiuyeqing/llama_prl/G-ARC/outputs/real_video_protocol_pilot_v1/reference_segments_adapter_ready.csv --budget 40 --seed 0 --run-id ARC_refinement_b40_s0_th0.3 --variant refinement --threshold 0.3 --cluster-mode each_frame
baseline,ARC-refinement,40,1,0.3,outputs/ours_vs_baselines_realcartest_v1/baseline_outputs/ARC_refinement_b40_s1_th0.3,PASS,,python /qiuyeqing/llama_prl/G-ARC/refe_repos/adapter/arc_baseline/run.py --input /qiuyeqing/llama_prl/G-ARC/outputs/real_video_protocol_pilot_v1/frame_scores_adapter_ready.csv --output-dir /qiuyeqing/llama_prl/G-ARC/outputs/ours_vs_baselines_realcartest_v1/baseline_outputs/ARC_refinement_b40_s1_th0.3 --reference-segments /qiuyeqing/llama_prl/G-ARC/outputs/real_video_protocol_pilot_v1/reference_segments_adapter_ready.csv --budget 40 --seed 1 --run-id ARC_refinement_b40_s1_th0.3 --variant refinement --threshold 0.3 --cluster-mode each_frame
baseline,ARC-refinement,40,2,0.3,outputs/ours_vs_baselines_realcartest_v1/baseline_outputs/ARC_refinement_b40_s2_th0.3,PASS,,python /qiuyeqing/llama_prl/G-ARC/refe_repos/adapter/arc_baseline/run.py --input /qiuyeqing/llama_prl/G-ARC/outputs/real_video_protocol_pilot_v1/frame_scores_adapter_ready.csv --output-dir /qiuyeqing/llama_prl/G-ARC/outputs/ours_vs_baselines_realcartest_v1/baseline_outputs/ARC_refinement_b40_s2_th0.3 --reference-segments /qiuyeqing/llama_prl/G-ARC/outputs/real_video_protocol_pilot_v1/reference_segments_adapter_ready.csv --budget 40 --seed 2 --run-id ARC_refinement_b40_s2_th0.3 --variant refinement --threshold 0.3 --cluster-mode each_frame
baseline,ARC-refinement,40,3,0.3,outputs/ours_vs_baselines_realcartest_v1/baseline_outputs/ARC_refinement_b40_s3_th0.3,PASS,,python /qiuyeqing/llama_prl/G-ARC/refe_repos/adapter/arc_baseline/run.py --input /qiuyeqing/llama_prl/G-ARC/outputs/real_video_protocol_pilot_v1/frame_scores_adapter_ready.csv --output-dir /qiuyeqing/llama_prl/G-ARC/outputs/ours_vs_baselines_realcartest_v1/baseline_outputs/ARC_refinement_b40_s3_th0.3 --reference-segments /qiuyeqing/llama_prl/G-ARC/outputs/real_video_protocol_pilot_v1/reference_segments_adapter_ready.csv --budget 40 --seed 3 --run-id ARC_refinement_b40_s3_th0.3 --variant refinement --threshold 0.3 --cluster-mode each_frame
baseline,ARC-refinement,40,4,0.3,outputs/ours_vs_baselines_realcartest_v1/baseline_outputs/ARC_refinement_b40_s4_th0.3,PASS,,python /qiuyeqing/llama_prl/G-ARC/refe_repos/adapter/arc_baseline/run.py --input /qiuyeqing/llama_prl/G-ARC/outputs/real_video_protocol_pilot_v1/frame_scores_adapter_ready.csv --output-dir /qiuyeqing/llama_prl/G-ARC/outputs/ours_vs_baselines_realcartest_v1/baseline_outputs/ARC_refinement_b40_s4_th0.3 --reference-segments /qiuyeqing/llama_prl/G-ARC/outputs/real_video_protocol_pilot_v1/reference_segments_adapter_ready.csv --budget 40 --seed 4 --run-id ARC_refinement_b40_s4_th0.3 --variant refinement --threshold 0.3 --cluster-mode each_frame
baseline,ARC-refinement,40,0,0.4,outputs/ours_vs_baselines_realcartest_v1/baseline_outputs/ARC_refinement_b40_s0_th0.4,PASS,,python /qiuyeqing/llama_prl/G-ARC/refe_repos/adapter/arc_baseline/run.py --input /qiuyeqing/llama_prl/G-ARC/outputs/real_video_protocol_pilot_v1/frame_scores_adapter_ready.csv --output-dir /qiuyeqing/llama_prl/G-ARC/outputs/ours_vs_baselines_realcartest_v1/baseline_outputs/ARC_refinement_b40_s0_th0.4 --reference-segments /qiuyeqing/llama_prl/G-ARC/outputs/real_video_protocol_pilot_v1/reference_segments_adapter_ready.csv --budget 40 --seed 0 --run-id ARC_refinement_b40_s0_th0.4 --variant refinement --threshold 0.4 --cluster-mode each_frame
baseline,ARC-refinement,40,1,0.4,outputs/ours_vs_baselines_realcartest_v1/baseline_outputs/ARC_refinement_b40_s1_th0.4,PASS,,python /qiuyeqing/llama_prl/G-ARC/refe_repos/adapter/arc_baseline/run.py --input /qiuyeqing/llama_prl/G-ARC/outputs/real_video_protocol_pilot_v1/frame_scores_adapter_ready.csv --output-dir /qiuyeqing/llama_prl/G-ARC/outputs/ours_vs_baselines_realcartest_v1/baseline_outputs/ARC_refinement_b40_s1_th0.4 --reference-segments /qiuyeqing/llama_prl/G-ARC/outputs/real_video_protocol_pilot_v1/reference_segments_adapter_ready.csv --budget 40 --seed 1 --run-id ARC_refinement_b40_s1_th0.4 --variant refinement --threshold 0.4 --cluster-mode each_frame
baseline,ARC-refinement,40,2,0.4,outputs/ours_vs_baselines_realcartest_v1/baseline_outputs/ARC_refinement_b40_s2_th0.4,PASS,,python /qiuyeqing/llama_prl/G-ARC/refe_repos/adapter/arc_baseline/run.py --input /qiuyeqing/llama_prl/G-ARC/outputs/real_video_protocol_pilot_v1/frame_scores_adapter_ready.csv --output-dir /qiuyeqing/llama_prl/G-ARC/outputs/ours_vs_baselines_realcartest_v1/baseline_outputs/ARC_refinement_b40_s2_th0.4 --reference-segments /qiuyeqing/llama_prl/G-ARC/outputs/real_video_protocol_pilot_v1/reference_segments_adapter_ready.csv --budget 40 --seed 2 --run-id ARC_refinement_b40_s2_th0.4 --variant refinement --threshold 0.4 --cluster-mode each_frame
baseline,ARC-refinement,40,3,0.4,outputs/ours_vs_baselines_realcartest_v1/baseline_outputs/ARC_refinement_b40_s3_th0.4,PASS,,python /qiuyeqing/llama_prl/G-ARC/refe_repos/adapter/arc_baseline/run.py --input /qiuyeqing/llama_prl/G-ARC/outputs/real_video_protocol_pilot_v1/frame_scores_adapter_ready.csv --output-dir /qiuyeqing/llama_prl/G-ARC/outputs/ours_vs_baselines_realcartest_v1/baseline_outputs/ARC_refinement_b40_s3_th0.4 --reference-segments /qiuyeqing/llama_prl/G-ARC/outputs/real_video_protocol_pilot_v1/reference_segments_adapter_ready.csv --budget 40 --seed 3 --run-id ARC_refinement_b40_s3_th0.4 --variant refinement --threshold 0.4 --cluster-mode each_frame
baseline,ARC-refinement,40,4,0.4,outputs/ours_vs_baselines_realcartest_v1/baseline_outputs/ARC_refinement_b40_s4_th0.4,PASS,,python /qiuyeqing/llama_prl/G-ARC/refe_repos/adapter/arc_baseline/run.py --input /qiuyeqing/llama_prl/G-ARC/outputs/real_video_protocol_pilot_v1/frame_scores_adapter_ready.csv --output-dir /qiuyeqing/llama_prl/G-ARC/outputs/ours_vs_baselines_realcartest_v1/baseline_outputs/ARC_refinement_b40_s4_th0.4 --reference-segments /qiuyeqing/llama_prl/G-ARC/outputs/real_video_protocol_pilot_v1/reference_segments_adapter_ready.csv --budget 40 --seed 4 --run-id ARC_refinement_b40_s4_th0.4 --variant refinement --threshold 0.4 --cluster-mode each_frame
baseline,ARC-refinement,40,0,0.5,outputs/ours_vs_baselines_realcartest_v1/baseline_outputs/ARC_refinement_b40_s0_th0.5,PASS,,python /qiuyeqing/llama_prl/G-ARC/refe_repos/adapter/arc_baseline/run.py --input /qiuyeqing/llama_prl/G-ARC/outputs/real_video_protocol_pilot_v1/frame_scores_adapter_ready.csv --output-dir /qiuyeqing/llama_prl/G-ARC/outputs/ours_vs_baselines_realcartest_v1/baseline_outputs/ARC_refinement_b40_s0_th0.5 --reference-segments /qiuyeqing/llama_prl/G-ARC/outputs/real_video_protocol_pilot_v1/reference_segments_adapter_ready.csv --budget 40 --seed 0 --run-id ARC_refinement_b40_s0_th0.5 --variant refinement --threshold 0.5 --cluster-mode each_frame
baseline,ARC-refinement,40,1,0.5,outputs/ours_vs_baselines_realcartest_v1/baseline_outputs/ARC_refinement_b40_s1_th0.5,PASS,,python /qiuyeqing/llama_prl/G-ARC/refe_repos/adapter/arc_baseline/run.py --input /qiuyeqing/llama_prl/G-ARC/outputs/real_video_protocol_pilot_v1/frame_scores_adapter_ready.csv --output-dir /qiuyeqing/llama_prl/G-ARC/outputs/ours_vs_baselines_realcartest_v1/baseline_outputs/ARC_refinement_b40_s1_th0.5 --reference-segments /qiuyeqing/llama_prl/G-ARC/outputs/real_video_protocol_pilot_v1/reference_segments_adapter_ready.csv --budget 40 --seed 1 --run-id ARC_refinement_b40_s1_th0.5 --variant refinement --threshold 0.5 --cluster-mode each_frame
baseline,ARC-refinement,40,2,0.5,outputs/ours_vs_baselines_realcartest_v1/baseline_outputs/ARC_refinement_b40_s2_th0.5,PASS,,python /qiuyeqing/llama_prl/G-ARC/refe_repos/adapter/arc_baseline/run.py --input /qiuyeqing/llama_prl/G-ARC/outputs/real_video_protocol_pilot_v1/frame_scores_adapter_ready.csv --output-dir /qiuyeqing/llama_prl/G-ARC/outputs/ours_vs_baselines_realcartest_v1/baseline_outputs/ARC_refinement_b40_s2_th0.5 --reference-segments /qiuyeqing/llama_prl/G-ARC/outputs/real_video_protocol_pilot_v1/reference_segments_adapter_ready.csv --budget 40 --seed 2 --run-id ARC_refinement_b40_s2_th0.5 --variant refinement --threshold 0.5 --cluster-mode each_frame
baseline,ARC-refinement,40,3,0.5,outputs/ours_vs_baselines_realcartest_v1/baseline_outputs/ARC_refinement_b40_s3_th0.5,PASS,,python /qiuyeqing/llama_prl/G-ARC/refe_repos/adapter/arc_baseline/run.py --input /qiuyeqing/llama_prl/G-ARC/outputs/real_video_protocol_pilot_v1/frame_scores_adapter_ready.csv --output-dir /qiuyeqing/llama_prl/G-ARC/outputs/ours_vs_baselines_realcartest_v1/baseline_outputs/ARC_refinement_b40_s3_th0.5 --reference-segments /qiuyeqing/llama_prl/G-ARC/outputs/real_video_protocol_pilot_v1/reference_segments_adapter_ready.csv --budget 40 --seed 3 --run-id ARC_refinement_b40_s3_th0.5 --variant refinement --threshold 0.5 --cluster-mode each_frame
baseline,ARC-refinement,40,4,0.5,outputs/ours_vs_baselines_realcartest_v1/baseline_outputs/ARC_refinement_b40_s4_th0.5,PASS,,python /qiuyeqing/llama_prl/G-ARC/refe_repos/adapter/arc_baseline/run.py --input /qiuyeqing/llama_prl/G-ARC/outputs/real_video_protocol_pilot_v1/frame_scores_adapter_ready.csv --output-dir /qiuyeqing/llama_prl/G-ARC/outputs/ours_vs_baselines_realcartest_v1/baseline_outputs/ARC_refinement_b40_s4_th0.5 --reference-segments /qiuyeqing/llama_prl/G-ARC/outputs/real_video_protocol_pilot_v1/reference_segments_adapter_ready.csv --budget 40 --seed 4 --run-id ARC_refinement_b40_s4_th0.5 --variant refinement --threshold 0.5 --cluster-mode each_frame
baseline,ARC-refinement,50,0,0.1,outputs/ours_vs_baselines_realcartest_v1/baseline_outputs/ARC_refinement_b50_s0_th0.1,PASS,,python /qiuyeqing/llama_prl/G-ARC/refe_repos/adapter/arc_baseline/run.py --input /qiuyeqing/llama_prl/G-ARC/outputs/real_video_protocol_pilot_v1/frame_scores_adapter_ready.csv --output-dir /qiuyeqing/llama_prl/G-ARC/outputs/ours_vs_baselines_realcartest_v1/baseline_outputs/ARC_refinement_b50_s0_th0.1 --reference-segments /qiuyeqing/llama_prl/G-ARC/outputs/real_video_protocol_pilot_v1/reference_segments_adapter_ready.csv --budget 50 --seed 0 --run-id ARC_refinement_b50_s0_th0.1 --variant refinement --threshold 0.1 --cluster-mode each_frame
baseline,ARC-refinement,50,1,0.1,outputs/ours_vs_baselines_realcartest_v1/baseline_outputs/ARC_refinement_b50_s1_th0.1,PASS,,python /qiuyeqing/llama_prl/G-ARC/refe_repos/adapter/arc_baseline/run.py --input /qiuyeqing/llama_prl/G-ARC/outputs/real_video_protocol_pilot_v1/frame_scores_adapter_ready.csv --output-dir /qiuyeqing/llama_prl/G-ARC/outputs/ours_vs_baselines_realcartest_v1/baseline_outputs/ARC_refinement_b50_s1_th0.1 --reference-segments /qiuyeqing/llama_prl/G-ARC/outputs/real_video_protocol_pilot_v1/reference_segments_adapter_ready.csv --budget 50 --seed 1 --run-id ARC_refinement_b50_s1_th0.1 --variant refinement --threshold 0.1 --cluster-mode each_frame
baseline,ARC-refinement,50,2,0.1,outputs/ours_vs_baselines_realcartest_v1/baseline_outputs/ARC_refinement_b50_s2_th0.1,PASS,,python /qiuyeqing/llama_prl/G-ARC/refe_repos/adapter/arc_baseline/run.py --input /qiuyeqing/llama_prl/G-ARC/outputs/real_video_protocol_pilot_v1/frame_scores_adapter_ready.csv --output-dir /qiuyeqing/llama_prl/G-ARC/outputs/ours_vs_baselines_realcartest_v1/baseline_outputs/ARC_refinement_b50_s2_th0.1 --reference-segments /qiuyeqing/llama_prl/G-ARC/outputs/real_video_protocol_pilot_v1/reference_segments_adapter_ready.csv --budget 50 --seed 2 --run-id ARC_refinement_b50_s2_th0.1 --variant refinement --threshold 0.1 --cluster-mode each_frame
baseline,ARC-refinement,50,3,0.1,outputs/ours_vs_baselines_realcartest_v1/baseline_outputs/ARC_refinement_b50_s3_th0.1,PASS,,python /qiuyeqing/llama_prl/G-ARC/refe_repos/adapter/arc_baseline/run.py --input /qiuyeqing/llama_prl/G-ARC/outputs/real_video_protocol_pilot_v1/frame_scores_adapter_ready.csv --output-dir /qiuyeqing/llama_prl/G-ARC/outputs/ours_vs_baselines_realcartest_v1/baseline_outputs/ARC_refinement_b50_s3_th0.1 --reference-segments /qiuyeqing/llama_prl/G-ARC/outputs/real_video_protocol_pilot_v1/reference_segments_adapter_ready.csv --budget 50 --seed 3 --run-id ARC_refinement_b50_s3_th0.1 --variant refinement --threshold 0.1 --cluster-mode each_frame
baseline,ARC-refinement,50,4,0.1,outputs/ours_vs_baselines_realcartest_v1/baseline_outputs/ARC_refinement_b50_s4_th0.1,PASS,,python /qiuyeqing/llama_prl/G-ARC/refe_repos/adapter/arc_baseline/run.py --input /qiuyeqing/llama_prl/G-ARC/outputs/real_video_protocol_pilot_v1/frame_scores_adapter_ready.csv --output-dir /qiuyeqing/llama_prl/G-ARC/outputs/ours_vs_baselines_realcartest_v1/baseline_outputs/ARC_refinement_b50_s4_th0.1 --reference-segments /qiuyeqing/llama_prl/G-ARC/outputs/real_video_protocol_pilot_v1/reference_segments_adapter_ready.csv --budget 50 --seed 4 --run-id ARC_refinement_b50_s4_th0.1 --variant refinement --threshold 0.1 --cluster-mode each_frame
baseline,ARC-refinement,50,0,0.2,outputs/ours_vs_baselines_realcartest_v1/baseline_outputs/ARC_refinement_b50_s0_th0.2,PASS,,python /qiuyeqing/llama_prl/G-ARC/refe_repos/adapter/arc_baseline/run.py --input /qiuyeqing/llama_prl/G-ARC/outputs/real_video_protocol_pilot_v1/frame_scores_adapter_ready.csv --output-dir /qiuyeqing/llama_prl/G-ARC/outputs/ours_vs_baselines_realcartest_v1/baseline_outputs/ARC_refinement_b50_s0_th0.2 --reference-segments /qiuyeqing/llama_prl/G-ARC/outputs/real_video_protocol_pilot_v1/reference_segments_adapter_ready.csv --budget 50 --seed 0 --run-id ARC_refinement_b50_s0_th0.2 --variant refinement --threshold 0.2 --cluster-mode each_frame
baseline,ARC-refinement,50,1,0.2,outputs/ours_vs_baselines_realcartest_v1/baseline_outputs/ARC_refinement_b50_s1_th0.2,PASS,,python /qiuyeqing/llama_prl/G-ARC/refe_repos/adapter/arc_baseline/run.py --input /qiuyeqing/llama_prl/G-ARC/outputs/real_video_protocol_pilot_v1/frame_scores_adapter_ready.csv --output-dir /qiuyeqing/llama_prl/G-ARC/outputs/ours_vs_baselines_realcartest_v1/baseline_outputs/ARC_refinement_b50_s1_th0.2 --reference-segments /qiuyeqing/llama_prl/G-ARC/outputs/real_video_protocol_pilot_v1/reference_segments_adapter_ready.csv --budget 50 --seed 1 --run-id ARC_refinement_b50_s1_th0.2 --variant refinement --threshold 0.2 --cluster-mode each_frame
baseline,ARC-refinement,50,2,0.2,outputs/ours_vs_baselines_realcartest_v1/baseline_outputs/ARC_refinement_b50_s2_th0.2,PASS,,python /qiuyeqing/llama_prl/G-ARC/refe_repos/adapter/arc_baseline/run.py --input /qiuyeqing/llama_prl/G-ARC/outputs/real_video_protocol_pilot_v1/frame_scores_adapter_ready.csv --output-dir /qiuyeqing/llama_prl/G-ARC/outputs/ours_vs_baselines_realcartest_v1/baseline_outputs/ARC_refinement_b50_s2_th0.2 --reference-segments /qiuyeqing/llama_prl/G-ARC/outputs/real_video_protocol_pilot_v1/reference_segments_adapter_ready.csv --budget 50 --seed 2 --run-id ARC_refinement_b50_s2_th0.2 --variant refinement --threshold 0.2 --cluster-mode each_frame
baseline,ARC-refinement,50,3,0.2,outputs/ours_vs_baselines_realcartest_v1/baseline_outputs/ARC_refinement_b50_s3_th0.2,PASS,,python /qiuyeqing/llama_prl/G-ARC/refe_repos/adapter/arc_baseline/run.py --input /qiuyeqing/llama_prl/G-ARC/outputs/real_video_protocol_pilot_v1/frame_scores_adapter_ready.csv --output-dir /qiuyeqing/llama_prl/G-ARC/outputs/ours_vs_baselines_realcartest_v1/baseline_outputs/ARC_refinement_b50_s3_th0.2 --reference-segments /qiuyeqing/llama_prl/G-ARC/outputs/real_video_protocol_pilot_v1/reference_segments_adapter_ready.csv --budget 50 --seed 3 --run-id ARC_refinement_b50_s3_th0.2 --variant refinement --threshold 0.2 --cluster-mode each_frame
baseline,ARC-refinement,50,4,0.2,outputs/ours_vs_baselines_realcartest_v1/baseline_outputs/ARC_refinement_b50_s4_th0.2,PASS,,python /qiuyeqing/llama_prl/G-ARC/refe_repos/adapter/arc_baseline/run.py --input /qiuyeqing/llama_prl/G-ARC/outputs/real_video_protocol_pilot_v1/frame_scores_adapter_ready.csv --output-dir /qiuyeqing/llama_prl/G-ARC/outputs/ours_vs_baselines_realcartest_v1/baseline_outputs/ARC_refinement_b50_s4_th0.2 --reference-segments /qiuyeqing/llama_prl/G-ARC/outputs/real_video_protocol_pilot_v1/reference_segments_adapter_ready.csv --budget 50 --seed 4 --run-id ARC_refinement_b50_s4_th0.2 --variant refinement --threshold 0.2 --cluster-mode each_frame
baseline,ARC-refinement,50,0,0.3,outputs/ours_vs_baselines_realcartest_v1/baseline_outputs/ARC_refinement_b50_s0_th0.3,PASS,,python /qiuyeqing/llama_prl/G-ARC/refe_repos/adapter/arc_baseline/run.py --input /qiuyeqing/llama_prl/G-ARC/outputs/real_video_protocol_pilot_v1/frame_scores_adapter_ready.csv --output-dir /qiuyeqing/llama_prl/G-ARC/outputs/ours_vs_baselines_realcartest_v1/baseline_outputs/ARC_refinement_b50_s0_th0.3 --reference-segments /qiuyeqing/llama_prl/G-ARC/outputs/real_video_protocol_pilot_v1/reference_segments_adapter_ready.csv --budget 50 --seed 0 --run-id ARC_refinement_b50_s0_th0.3 --variant refinement --threshold 0.3 --cluster-mode each_frame
baseline,ARC-refinement,50,1,0.3,outputs/ours_vs_baselines_realcartest_v1/baseline_outputs/ARC_refinement_b50_s1_th0.3,PASS,,python /qiuyeqing/llama_prl/G-ARC/refe_repos/adapter/arc_baseline/run.py --input /qiuyeqing/llama_prl/G-ARC/outputs/real_video_protocol_pilot_v1/frame_scores_adapter_ready.csv --output-dir /qiuyeqing/llama_prl/G-ARC/outputs/ours_vs_baselines_realcartest_v1/baseline_outputs/ARC_refinement_b50_s1_th0.3 --reference-segments /qiuyeqing/llama_prl/G-ARC/outputs/real_video_protocol_pilot_v1/reference_segments_adapter_ready.csv --budget 50 --seed 1 --run-id ARC_refinement_b50_s1_th0.3 --variant refinement --threshold 0.3 --cluster-mode each_frame
baseline,ARC-refinement,50,2,0.3,outputs/ours_vs_baselines_realcartest_v1/baseline_outputs/ARC_refinement_b50_s2_th0.3,PASS,,python /qiuyeqing/llama_prl/G-ARC/refe_repos/adapter/arc_baseline/run.py --input /qiuyeqing/llama_prl/G-ARC/outputs/real_video_protocol_pilot_v1/frame_scores_adapter_ready.csv --output-dir /qiuyeqing/llama_prl/G-ARC/outputs/ours_vs_baselines_realcartest_v1/baseline_outputs/ARC_refinement_b50_s2_th0.3 --reference-segments /qiuyeqing/llama_prl/G-ARC/outputs/real_video_protocol_pilot_v1/reference_segments_adapter_ready.csv --budget 50 --seed 2 --run-id ARC_refinement_b50_s2_th0.3 --variant refinement --threshold 0.3 --cluster-mode each_frame
baseline,ARC-refinement,50,3,0.3,outputs/ours_vs_baselines_realcartest_v1/baseline_outputs/ARC_refinement_b50_s3_th0.3,PASS,,python /qiuyeqing/llama_prl/G-ARC/refe_repos/adapter/arc_baseline/run.py --input /qiuyeqing/llama_prl/G-ARC/outputs/real_video_protocol_pilot_v1/frame_scores_adapter_ready.csv --output-dir /qiuyeqing/llama_prl/G-ARC/outputs/ours_vs_baselines_realcartest_v1/baseline_outputs/ARC_refinement_b50_s3_th0.3 --reference-segments /qiuyeqing/llama_prl/G-ARC/outputs/real_video_protocol_pilot_v1/reference_segments_adapter_ready.csv --budget 50 --seed 3 --run-id ARC_refinement_b50_s3_th0.3 --variant refinement --threshold 0.3 --cluster-mode each_frame
baseline,ARC-refinement,50,4,0.3,outputs/ours_vs_baselines_realcartest_v1/baseline_outputs/ARC_refinement_b50_s4_th0.3,PASS,,python /qiuyeqing/llama_prl/G-ARC/refe_repos/adapter/arc_baseline/run.py --input /qiuyeqing/llama_prl/G-ARC/outputs/real_video_protocol_pilot_v1/frame_scores_adapter_ready.csv --output-dir /qiuyeqing/llama_prl/G-ARC/outputs/ours_vs_baselines_realcartest_v1/baseline_outputs/ARC_refinement_b50_s4_th0.3 --reference-segments /qiuyeqing/llama_prl/G-ARC/outputs/real_video_protocol_pilot_v1/reference_segments_adapter_ready.csv --budget 50 --seed 4 --run-id ARC_refinement_b50_s4_th0.3 --variant refinement --threshold 0.3 --cluster-mode each_frame
baseline,ARC-refinement,50,0,0.4,outputs/ours_vs_baselines_realcartest_v1/baseline_outputs/ARC_refinement_b50_s0_th0.4,PASS,,python /qiuyeqing/llama_prl/G-ARC/refe_repos/adapter/arc_baseline/run.py --input /qiuyeqing/llama_prl/G-ARC/outputs/real_video_protocol_pilot_v1/frame_scores_adapter_ready.csv --output-dir /qiuyeqing/llama_prl/G-ARC/outputs/ours_vs_baselines_realcartest_v1/baseline_outputs/ARC_refinement_b50_s0_th0.4 --reference-segments /qiuyeqing/llama_prl/G-ARC/outputs/real_video_protocol_pilot_v1/reference_segments_adapter_ready.csv --budget 50 --seed 0 --run-id ARC_refinement_b50_s0_th0.4 --variant refinement --threshold 0.4 --cluster-mode each_frame
baseline,ARC-refinement,50,1,0.4,outputs/ours_vs_baselines_realcartest_v1/baseline_outputs/ARC_refinement_b50_s1_th0.4,PASS,,python /qiuyeqing/llama_prl/G-ARC/refe_repos/adapter/arc_baseline/run.py --input /qiuyeqing/llama_prl/G-ARC/outputs/real_video_protocol_pilot_v1/frame_scores_adapter_ready.csv --output-dir /qiuyeqing/llama_prl/G-ARC/outputs/ours_vs_baselines_realcartest_v1/baseline_outputs/ARC_refinement_b50_s1_th0.4 --reference-segments /qiuyeqing/llama_prl/G-ARC/outputs/real_video_protocol_pilot_v1/reference_segments_adapter_ready.csv --budget 50 --seed 1 --run-id ARC_refinement_b50_s1_th0.4 --variant refinement --threshold 0.4 --cluster-mode each_frame
baseline,ARC-refinement,50,2,0.4,outputs/ours_vs_baselines_realcartest_v1/baseline_outputs/ARC_refinement_b50_s2_th0.4,PASS,,python /qiuyeqing/llama_prl/G-ARC/refe_repos/adapter/arc_baseline/run.py --input /qiuyeqing/llama_prl/G-ARC/outputs/real_video_protocol_pilot_v1/frame_scores_adapter_ready.csv --output-dir /qiuyeqing/llama_prl/G-ARC/outputs/ours_vs_baselines_realcartest_v1/baseline_outputs/ARC_refinement_b50_s2_th0.4 --reference-segments /qiuyeqing/llama_prl/G-ARC/outputs/real_video_protocol_pilot_v1/reference_segments_adapter_ready.csv --budget 50 --seed 2 --run-id ARC_refinement_b50_s2_th0.4 --variant refinement --threshold 0.4 --cluster-mode each_frame
baseline,ARC-refinement,50,3,0.4,outputs/ours_vs_baselines_realcartest_v1/baseline_outputs/ARC_refinement_b50_s3_th0.4,PASS,,python /qiuyeqing/llama_prl/G-ARC/refe_repos/adapter/arc_baseline/run.py --input /qiuyeqing/llama_prl/G-ARC/outputs/real_video_protocol_pilot_v1/frame_scores_adapter_ready.csv --output-dir /qiuyeqing/llama_prl/G-ARC/outputs/ours_vs_baselines_realcartest_v1/baseline_outputs/ARC_refinement_b50_s3_th0.4 --reference-segments /qiuyeqing/llama_prl/G-ARC/outputs/real_video_protocol_pilot_v1/reference_segments_adapter_ready.csv --budget 50 --seed 3 --run-id ARC_refinement_b50_s3_th0.4 --variant refinement --threshold 0.4 --cluster-mode each_frame
baseline,ARC-refinement,50,4,0.4,outputs/ours_vs_baselines_realcartest_v1/baseline_outputs/ARC_refinement_b50_s4_th0.4,PASS,,python /qiuyeqing/llama_prl/G-ARC/refe_repos/adapter/arc_baseline/run.py --input /qiuyeqing/llama_prl/G-ARC/outputs/real_video_protocol_pilot_v1/frame_scores_adapter_ready.csv --output-dir /qiuyeqing/llama_prl/G-ARC/outputs/ours_vs_baselines_realcartest_v1/baseline_outputs/ARC_refinement_b50_s4_th0.4 --reference-segments /qiuyeqing/llama_prl/G-ARC/outputs/real_video_protocol_pilot_v1/reference_segments_adapter_ready.csv --budget 50 --seed 4 --run-id ARC_refinement_b50_s4_th0.4 --variant refinement --threshold 0.4 --cluster-mode each_frame
baseline,ARC-refinement,50,0,0.5,outputs/ours_vs_baselines_realcartest_v1/baseline_outputs/ARC_refinement_b50_s0_th0.5,PASS,,python /qiuyeqing/llama_prl/G-ARC/refe_repos/adapter/arc_baseline/run.py --input /qiuyeqing/llama_prl/G-ARC/outputs/real_video_protocol_pilot_v1/frame_scores_adapter_ready.csv --output-dir /qiuyeqing/llama_prl/G-ARC/outputs/ours_vs_baselines_realcartest_v1/baseline_outputs/ARC_refinement_b50_s0_th0.5 --reference-segments /qiuyeqing/llama_prl/G-ARC/outputs/real_video_protocol_pilot_v1/reference_segments_adapter_ready.csv --budget 50 --seed 0 --run-id ARC_refinement_b50_s0_th0.5 --variant refinement --threshold 0.5 --cluster-mode each_frame
baseline,ARC-refinement,50,1,0.5,outputs/ours_vs_baselines_realcartest_v1/baseline_outputs/ARC_refinement_b50_s1_th0.5,PASS,,python /qiuyeqing/llama_prl/G-ARC/refe_repos/adapter/arc_baseline/run.py --input /qiuyeqing/llama_prl/G-ARC/outputs/real_video_protocol_pilot_v1/frame_scores_adapter_ready.csv --output-dir /qiuyeqing/llama_prl/G-ARC/outputs/ours_vs_baselines_realcartest_v1/baseline_outputs/ARC_refinement_b50_s1_th0.5 --reference-segments /qiuyeqing/llama_prl/G-ARC/outputs/real_video_protocol_pilot_v1/reference_segments_adapter_ready.csv --budget 50 --seed 1 --run-id ARC_refinement_b50_s1_th0.5 --variant refinement --threshold 0.5 --cluster-mode each_frame
baseline,ARC-refinement,50,2,0.5,outputs/ours_vs_baselines_realcartest_v1/baseline_outputs/ARC_refinement_b50_s2_th0.5,PASS,,python /qiuyeqing/llama_prl/G-ARC/refe_repos/adapter/arc_baseline/run.py --input /qiuyeqing/llama_prl/G-ARC/outputs/real_video_protocol_pilot_v1/frame_scores_adapter_ready.csv --output-dir /qiuyeqing/llama_prl/G-ARC/outputs/ours_vs_baselines_realcartest_v1/baseline_outputs/ARC_refinement_b50_s2_th0.5 --reference-segments /qiuyeqing/llama_prl/G-ARC/outputs/real_video_protocol_pilot_v1/reference_segments_adapter_ready.csv --budget 50 --seed 2 --run-id ARC_refinement_b50_s2_th0.5 --variant refinement --threshold 0.5 --cluster-mode each_frame
baseline,ARC-refinement,50,3,0.5,outputs/ours_vs_baselines_realcartest_v1/baseline_outputs/ARC_refinement_b50_s3_th0.5,PASS,,python /qiuyeqing/llama_prl/G-ARC/refe_repos/adapter/arc_baseline/run.py --input /qiuyeqing/llama_prl/G-ARC/outputs/real_video_protocol_pilot_v1/frame_scores_adapter_ready.csv --output-dir /qiuyeqing/llama_prl/G-ARC/outputs/ours_vs_baselines_realcartest_v1/baseline_outputs/ARC_refinement_b50_s3_th0.5 --reference-segments /qiuyeqing/llama_prl/G-ARC/outputs/real_video_protocol_pilot_v1/reference_segments_adapter_ready.csv --budget 50 --seed 3 --run-id ARC_refinement_b50_s3_th0.5 --variant refinement --threshold 0.5 --cluster-mode each_frame
baseline,ARC-refinement,50,4,0.5,outputs/ours_vs_baselines_realcartest_v1/baseline_outputs/ARC_refinement_b50_s4_th0.5,PASS,,python /qiuyeqing/llama_prl/G-ARC/refe_repos/adapter/arc_baseline/run.py --input /qiuyeqing/llama_prl/G-ARC/outputs/real_video_protocol_pilot_v1/frame_scores_adapter_ready.csv --output-dir /qiuyeqing/llama_prl/G-ARC/outputs/ours_vs_baselines_realcartest_v1/baseline_outputs/ARC_refinement_b50_s4_th0.5 --reference-segments /qiuyeqing/llama_prl/G-ARC/outputs/real_video_protocol_pilot_v1/reference_segments_adapter_ready.csv --budget 50 --seed 4 --run-id ARC_refinement_b50_s4_th0.5 --variant refinement --threshold 0.5 --cluster-mode each_frame
baseline,ARC-refinement,80,0,0.1,outputs/ours_vs_baselines_realcartest_v1/baseline_outputs/ARC_refinement_b80_s0_th0.1,PASS,,python /qiuyeqing/llama_prl/G-ARC/refe_repos/adapter/arc_baseline/run.py --input /qiuyeqing/llama_prl/G-ARC/outputs/real_video_protocol_pilot_v1/frame_scores_adapter_ready.csv --output-dir /qiuyeqing/llama_prl/G-ARC/outputs/ours_vs_baselines_realcartest_v1/baseline_outputs/ARC_refinement_b80_s0_th0.1 --reference-segments /qiuyeqing/llama_prl/G-ARC/outputs/real_video_protocol_pilot_v1/reference_segments_adapter_ready.csv --budget 80 --seed 0 --run-id ARC_refinement_b80_s0_th0.1 --variant refinement --threshold 0.1 --cluster-mode each_frame
baseline,ARC-refinement,80,1,0.1,outputs/ours_vs_baselines_realcartest_v1/baseline_outputs/ARC_refinement_b80_s1_th0.1,PASS,,python /qiuyeqing/llama_prl/G-ARC/refe_repos/adapter/arc_baseline/run.py --input /qiuyeqing/llama_prl/G-ARC/outputs/real_video_protocol_pilot_v1/frame_scores_adapter_ready.csv --output-dir /qiuyeqing/llama_prl/G-ARC/outputs/ours_vs_baselines_realcartest_v1/baseline_outputs/ARC_refinement_b80_s1_th0.1 --reference-segments /qiuyeqing/llama_prl/G-ARC/outputs/real_video_protocol_pilot_v1/reference_segments_adapter_ready.csv --budget 80 --seed 1 --run-id ARC_refinement_b80_s1_th0.1 --variant refinement --threshold 0.1 --cluster-mode each_frame
baseline,ARC-refinement,80,2,0.1,outputs/ours_vs_baselines_realcartest_v1/baseline_outputs/ARC_refinement_b80_s2_th0.1,PASS,,python /qiuyeqing/llama_prl/G-ARC/refe_repos/adapter/arc_baseline/run.py --input /qiuyeqing/llama_prl/G-ARC/outputs/real_video_protocol_pilot_v1/frame_scores_adapter_ready.csv --output-dir /qiuyeqing/llama_prl/G-ARC/outputs/ours_vs_baselines_realcartest_v1/baseline_outputs/ARC_refinement_b80_s2_th0.1 --reference-segments /qiuyeqing/llama_prl/G-ARC/outputs/real_video_protocol_pilot_v1/reference_segments_adapter_ready.csv --budget 80 --seed 2 --run-id ARC_refinement_b80_s2_th0.1 --variant refinement --threshold 0.1 --cluster-mode each_frame
baseline,ARC-refinement,80,3,0.1,outputs/ours_vs_baselines_realcartest_v1/baseline_outputs/ARC_refinement_b80_s3_th0.1,PASS,,python /qiuyeqing/llama_prl/G-ARC/refe_repos/adapter/arc_baseline/run.py --input /qiuyeqing/llama_prl/G-ARC/outputs/real_video_protocol_pilot_v1/frame_scores_adapter_ready.csv --output-dir /qiuyeqing/llama_prl/G-ARC/outputs/ours_vs_baselines_realcartest_v1/baseline_outputs/ARC_refinement_b80_s3_th0.1 --reference-segments /qiuyeqing/llama_prl/G-ARC/outputs/real_video_protocol_pilot_v1/reference_segments_adapter_ready.csv --budget 80 --seed 3 --run-id ARC_refinement_b80_s3_th0.1 --variant refinement --threshold 0.1 --cluster-mode each_frame
baseline,ARC-refinement,80,4,0.1,outputs/ours_vs_baselines_realcartest_v1/baseline_outputs/ARC_refinement_b80_s4_th0.1,PASS,,python /qiuyeqing/llama_prl/G-ARC/refe_repos/adapter/arc_baseline/run.py --input /qiuyeqing/llama_prl/G-ARC/outputs/real_video_protocol_pilot_v1/frame_scores_adapter_ready.csv --output-dir /qiuyeqing/llama_prl/G-ARC/outputs/ours_vs_baselines_realcartest_v1/baseline_outputs/ARC_refinement_b80_s4_th0.1 --reference-segments /qiuyeqing/llama_prl/G-ARC/outputs/real_video_protocol_pilot_v1/reference_segments_adapter_ready.csv --budget 80 --seed 4 --run-id ARC_refinement_b80_s4_th0.1 --variant refinement --threshold 0.1 --cluster-mode each_frame
baseline,ARC-refinement,80,0,0.2,outputs/ours_vs_baselines_realcartest_v1/baseline_outputs/ARC_refinement_b80_s0_th0.2,PASS,,python /qiuyeqing/llama_prl/G-ARC/refe_repos/adapter/arc_baseline/run.py --input /qiuyeqing/llama_prl/G-ARC/outputs/real_video_protocol_pilot_v1/frame_scores_adapter_ready.csv --output-dir /qiuyeqing/llama_prl/G-ARC/outputs/ours_vs_baselines_realcartest_v1/baseline_outputs/ARC_refinement_b80_s0_th0.2 --reference-segments /qiuyeqing/llama_prl/G-ARC/outputs/real_video_protocol_pilot_v1/reference_segments_adapter_ready.csv --budget 80 --seed 0 --run-id ARC_refinement_b80_s0_th0.2 --variant refinement --threshold 0.2 --cluster-mode each_frame
baseline,ARC-refinement,80,1,0.2,outputs/ours_vs_baselines_realcartest_v1/baseline_outputs/ARC_refinement_b80_s1_th0.2,PASS,,python /qiuyeqing/llama_prl/G-ARC/refe_repos/adapter/arc_baseline/run.py --input /qiuyeqing/llama_prl/G-ARC/outputs/real_video_protocol_pilot_v1/frame_scores_adapter_ready.csv --output-dir /qiuyeqing/llama_prl/G-ARC/outputs/ours_vs_baselines_realcartest_v1/baseline_outputs/ARC_refinement_b80_s1_th0.2 --reference-segments /qiuyeqing/llama_prl/G-ARC/outputs/real_video_protocol_pilot_v1/reference_segments_adapter_ready.csv --budget 80 --seed 1 --run-id ARC_refinement_b80_s1_th0.2 --variant refinement --threshold 0.2 --cluster-mode each_frame
baseline,ARC-refinement,80,2,0.2,outputs/ours_vs_baselines_realcartest_v1/baseline_outputs/ARC_refinement_b80_s2_th0.2,PASS,,python /qiuyeqing/llama_prl/G-ARC/refe_repos/adapter/arc_baseline/run.py --input /qiuyeqing/llama_prl/G-ARC/outputs/real_video_protocol_pilot_v1/frame_scores_adapter_ready.csv --output-dir /qiuyeqing/llama_prl/G-ARC/outputs/ours_vs_baselines_realcartest_v1/baseline_outputs/ARC_refinement_b80_s2_th0.2 --reference-segments /qiuyeqing/llama_prl/G-ARC/outputs/real_video_protocol_pilot_v1/reference_segments_adapter_ready.csv --budget 80 --seed 2 --run-id ARC_refinement_b80_s2_th0.2 --variant refinement --threshold 0.2 --cluster-mode each_frame
baseline,ARC-refinement,80,3,0.2,outputs/ours_vs_baselines_realcartest_v1/baseline_outputs/ARC_refinement_b80_s3_th0.2,PASS,,python /qiuyeqing/llama_prl/G-ARC/refe_repos/adapter/arc_baseline/run.py --input /qiuyeqing/llama_prl/G-ARC/outputs/real_video_protocol_pilot_v1/frame_scores_adapter_ready.csv --output-dir /qiuyeqing/llama_prl/G-ARC/outputs/ours_vs_baselines_realcartest_v1/baseline_outputs/ARC_refinement_b80_s3_th0.2 --reference-segments /qiuyeqing/llama_prl/G-ARC/outputs/real_video_protocol_pilot_v1/reference_segments_adapter_ready.csv --budget 80 --seed 3 --run-id ARC_refinement_b80_s3_th0.2 --variant refinement --threshold 0.2 --cluster-mode each_frame
baseline,ARC-refinement,80,4,0.2,outputs/ours_vs_baselines_realcartest_v1/baseline_outputs/ARC_refinement_b80_s4_th0.2,PASS,,python /qiuyeqing/llama_prl/G-ARC/refe_repos/adapter/arc_baseline/run.py --input /qiuyeqing/llama_prl/G-ARC/outputs/real_video_protocol_pilot_v1/frame_scores_adapter_ready.csv --output-dir /qiuyeqing/llama_prl/G-ARC/outputs/ours_vs_baselines_realcartest_v1/baseline_outputs/ARC_refinement_b80_s4_th0.2 --reference-segments /qiuyeqing/llama_prl/G-ARC/outputs/real_video_protocol_pilot_v1/reference_segments_adapter_ready.csv --budget 80 --seed 4 --run-id ARC_refinement_b80_s4_th0.2 --variant refinement --threshold 0.2 --cluster-mode each_frame
baseline,ARC-refinement,80,0,0.3,outputs/ours_vs_baselines_realcartest_v1/baseline_outputs/ARC_refinement_b80_s0_th0.3,PASS,,python /qiuyeqing/llama_prl/G-ARC/refe_repos/adapter/arc_baseline/run.py --input /qiuyeqing/llama_prl/G-ARC/outputs/real_video_protocol_pilot_v1/frame_scores_adapter_ready.csv --output-dir /qiuyeqing/llama_prl/G-ARC/outputs/ours_vs_baselines_realcartest_v1/baseline_outputs/ARC_refinement_b80_s0_th0.3 --reference-segments /qiuyeqing/llama_prl/G-ARC/outputs/real_video_protocol_pilot_v1/reference_segments_adapter_ready.csv --budget 80 --seed 0 --run-id ARC_refinement_b80_s0_th0.3 --variant refinement --threshold 0.3 --cluster-mode each_frame
baseline,ARC-refinement,80,1,0.3,outputs/ours_vs_baselines_realcartest_v1/baseline_outputs/ARC_refinement_b80_s1_th0.3,PASS,,python /qiuyeqing/llama_prl/G-ARC/refe_repos/adapter/arc_baseline/run.py --input /qiuyeqing/llama_prl/G-ARC/outputs/real_video_protocol_pilot_v1/frame_scores_adapter_ready.csv --output-dir /qiuyeqing/llama_prl/G-ARC/outputs/ours_vs_baselines_realcartest_v1/baseline_outputs/ARC_refinement_b80_s1_th0.3 --reference-segments /qiuyeqing/llama_prl/G-ARC/outputs/real_video_protocol_pilot_v1/reference_segments_adapter_ready.csv --budget 80 --seed 1 --run-id ARC_refinement_b80_s1_th0.3 --variant refinement --threshold 0.3 --cluster-mode each_frame
baseline,ARC-refinement,80,2,0.3,outputs/ours_vs_baselines_realcartest_v1/baseline_outputs/ARC_refinement_b80_s2_th0.3,PASS,,python /qiuyeqing/llama_prl/G-ARC/refe_repos/adapter/arc_baseline/run.py --input /qiuyeqing/llama_prl/G-ARC/outputs/real_video_protocol_pilot_v1/frame_scores_adapter_ready.csv --output-dir /qiuyeqing/llama_prl/G-ARC/outputs/ours_vs_baselines_realcartest_v1/baseline_outputs/ARC_refinement_b80_s2_th0.3 --reference-segments /qiuyeqing/llama_prl/G-ARC/outputs/real_video_protocol_pilot_v1/reference_segments_adapter_ready.csv --budget 80 --seed 2 --run-id ARC_refinement_b80_s2_th0.3 --variant refinement --threshold 0.3 --cluster-mode each_frame
baseline,ARC-refinement,80,3,0.3,outputs/ours_vs_baselines_realcartest_v1/baseline_outputs/ARC_refinement_b80_s3_th0.3,PASS,,python /qiuyeqing/llama_prl/G-ARC/refe_repos/adapter/arc_baseline/run.py --input /qiuyeqing/llama_prl/G-ARC/outputs/real_video_protocol_pilot_v1/frame_scores_adapter_ready.csv --output-dir /qiuyeqing/llama_prl/G-ARC/outputs/ours_vs_baselines_realcartest_v1/baseline_outputs/ARC_refinement_b80_s3_th0.3 --reference-segments /qiuyeqing/llama_prl/G-ARC/outputs/real_video_protocol_pilot_v1/reference_segments_adapter_ready.csv --budget 80 --seed 3 --run-id ARC_refinement_b80_s3_th0.3 --variant refinement --threshold 0.3 --cluster-mode each_frame
baseline,ARC-refinement,80,4,0.3,outputs/ours_vs_baselines_realcartest_v1/baseline_outputs/ARC_refinement_b80_s4_th0.3,PASS,,python /qiuyeqing/llama_prl/G-ARC/refe_repos/adapter/arc_baseline/run.py --input /qiuyeqing/llama_prl/G-ARC/outputs/real_video_protocol_pilot_v1/frame_scores_adapter_ready.csv --output-dir /qiuyeqing/llama_prl/G-ARC/outputs/ours_vs_baselines_realcartest_v1/baseline_outputs/ARC_refinement_b80_s4_th0.3 --reference-segments /qiuyeqing/llama_prl/G-ARC/outputs/real_video_protocol_pilot_v1/reference_segments_adapter_ready.csv --budget 80 --seed 4 --run-id ARC_refinement_b80_s4_th0.3 --variant refinement --threshold 0.3 --cluster-mode each_frame
baseline,ARC-refinement,80,0,0.4,outputs/ours_vs_baselines_realcartest_v1/baseline_outputs/ARC_refinement_b80_s0_th0.4,PASS,,python /qiuyeqing/llama_prl/G-ARC/refe_repos/adapter/arc_baseline/run.py --input /qiuyeqing/llama_prl/G-ARC/outputs/real_video_protocol_pilot_v1/frame_scores_adapter_ready.csv --output-dir /qiuyeqing/llama_prl/G-ARC/outputs/ours_vs_baselines_realcartest_v1/baseline_outputs/ARC_refinement_b80_s0_th0.4 --reference-segments /qiuyeqing/llama_prl/G-ARC/outputs/real_video_protocol_pilot_v1/reference_segments_adapter_ready.csv --budget 80 --seed 0 --run-id ARC_refinement_b80_s0_th0.4 --variant refinement --threshold 0.4 --cluster-mode each_frame
baseline,ARC-refinement,80,1,0.4,outputs/ours_vs_baselines_realcartest_v1/baseline_outputs/ARC_refinement_b80_s1_th0.4,PASS,,python /qiuyeqing/llama_prl/G-ARC/refe_repos/adapter/arc_baseline/run.py --input /qiuyeqing/llama_prl/G-ARC/outputs/real_video_protocol_pilot_v1/frame_scores_adapter_ready.csv --output-dir /qiuyeqing/llama_prl/G-ARC/outputs/ours_vs_baselines_realcartest_v1/baseline_outputs/ARC_refinement_b80_s1_th0.4 --reference-segments /qiuyeqing/llama_prl/G-ARC/outputs/real_video_protocol_pilot_v1/reference_segments_adapter_ready.csv --budget 80 --seed 1 --run-id ARC_refinement_b80_s1_th0.4 --variant refinement --threshold 0.4 --cluster-mode each_frame
baseline,ARC-refinement,80,2,0.4,outputs/ours_vs_baselines_realcartest_v1/baseline_outputs/ARC_refinement_b80_s2_th0.4,PASS,,python /qiuyeqing/llama_prl/G-ARC/refe_repos/adapter/arc_baseline/run.py --input /qiuyeqing/llama_prl/G-ARC/outputs/real_video_protocol_pilot_v1/frame_scores_adapter_ready.csv --output-dir /qiuyeqing/llama_prl/G-ARC/outputs/ours_vs_baselines_realcartest_v1/baseline_outputs/ARC_refinement_b80_s2_th0.4 --reference-segments /qiuyeqing/llama_prl/G-ARC/outputs/real_video_protocol_pilot_v1/reference_segments_adapter_ready.csv --budget 80 --seed 2 --run-id ARC_refinement_b80_s2_th0.4 --variant refinement --threshold 0.4 --cluster-mode each_frame
baseline,ARC-refinement,80,3,0.4,outputs/ours_vs_baselines_realcartest_v1/baseline_outputs/ARC_refinement_b80_s3_th0.4,PASS,,python /qiuyeqing/llama_prl/G-ARC/refe_repos/adapter/arc_baseline/run.py --input /qiuyeqing/llama_prl/G-ARC/outputs/real_video_protocol_pilot_v1/frame_scores_adapter_ready.csv --output-dir /qiuyeqing/llama_prl/G-ARC/outputs/ours_vs_baselines_realcartest_v1/baseline_outputs/ARC_refinement_b80_s3_th0.4 --reference-segments /qiuyeqing/llama_prl/G-ARC/outputs/real_video_protocol_pilot_v1/reference_segments_adapter_ready.csv --budget 80 --seed 3 --run-id ARC_refinement_b80_s3_th0.4 --variant refinement --threshold 0.4 --cluster-mode each_frame
baseline,ARC-refinement,80,4,0.4,outputs/ours_vs_baselines_realcartest_v1/baseline_outputs/ARC_refinement_b80_s4_th0.4,PASS,,python /qiuyeqing/llama_prl/G-ARC/refe_repos/adapter/arc_baseline/run.py --input /qiuyeqing/llama_prl/G-ARC/outputs/real_video_protocol_pilot_v1/frame_scores_adapter_ready.csv --output-dir /qiuyeqing/llama_prl/G-ARC/outputs/ours_vs_baselines_realcartest_v1/baseline_outputs/ARC_refinement_b80_s4_th0.4 --reference-segments /qiuyeqing/llama_prl/G-ARC/outputs/real_video_protocol_pilot_v1/reference_segments_adapter_ready.csv --budget 80 --seed 4 --run-id ARC_refinement_b80_s4_th0.4 --variant refinement --threshold 0.4 --cluster-mode each_frame
baseline,ARC-refinement,80,0,0.5,outputs/ours_vs_baselines_realcartest_v1/baseline_outputs/ARC_refinement_b80_s0_th0.5,PASS,,python /qiuyeqing/llama_prl/G-ARC/refe_repos/adapter/arc_baseline/run.py --input /qiuyeqing/llama_prl/G-ARC/outputs/real_video_protocol_pilot_v1/frame_scores_adapter_ready.csv --output-dir /qiuyeqing/llama_prl/G-ARC/outputs/ours_vs_baselines_realcartest_v1/baseline_outputs/ARC_refinement_b80_s0_th0.5 --reference-segments /qiuyeqing/llama_prl/G-ARC/outputs/real_video_protocol_pilot_v1/reference_segments_adapter_ready.csv --budget 80 --seed 0 --run-id ARC_refinement_b80_s0_th0.5 --variant refinement --threshold 0.5 --cluster-mode each_frame
baseline,ARC-refinement,80,1,0.5,outputs/ours_vs_baselines_realcartest_v1/baseline_outputs/ARC_refinement_b80_s1_th0.5,PASS,,python /qiuyeqing/llama_prl/G-ARC/refe_repos/adapter/arc_baseline/run.py --input /qiuyeqing/llama_prl/G-ARC/outputs/real_video_protocol_pilot_v1/frame_scores_adapter_ready.csv --output-dir /qiuyeqing/llama_prl/G-ARC/outputs/ours_vs_baselines_realcartest_v1/baseline_outputs/ARC_refinement_b80_s1_th0.5 --reference-segments /qiuyeqing/llama_prl/G-ARC/outputs/real_video_protocol_pilot_v1/reference_segments_adapter_ready.csv --budget 80 --seed 1 --run-id ARC_refinement_b80_s1_th0.5 --variant refinement --threshold 0.5 --cluster-mode each_frame
baseline,ARC-refinement,80,2,0.5,outputs/ours_vs_baselines_realcartest_v1/baseline_outputs/ARC_refinement_b80_s2_th0.5,PASS,,python /qiuyeqing/llama_prl/G-ARC/refe_repos/adapter/arc_baseline/run.py --input /qiuyeqing/llama_prl/G-ARC/outputs/real_video_protocol_pilot_v1/frame_scores_adapter_ready.csv --output-dir /qiuyeqing/llama_prl/G-ARC/outputs/ours_vs_baselines_realcartest_v1/baseline_outputs/ARC_refinement_b80_s2_th0.5 --reference-segments /qiuyeqing/llama_prl/G-ARC/outputs/real_video_protocol_pilot_v1/reference_segments_adapter_ready.csv --budget 80 --seed 2 --run-id ARC_refinement_b80_s2_th0.5 --variant refinement --threshold 0.5 --cluster-mode each_frame
baseline,ARC-refinement,80,3,0.5,outputs/ours_vs_baselines_realcartest_v1/baseline_outputs/ARC_refinement_b80_s3_th0.5,PASS,,python /qiuyeqing/llama_prl/G-ARC/refe_repos/adapter/arc_baseline/run.py --input /qiuyeqing/llama_prl/G-ARC/outputs/real_video_protocol_pilot_v1/frame_scores_adapter_ready.csv --output-dir /qiuyeqing/llama_prl/G-ARC/outputs/ours_vs_baselines_realcartest_v1/baseline_outputs/ARC_refinement_b80_s3_th0.5 --reference-segments /qiuyeqing/llama_prl/G-ARC/outputs/real_video_protocol_pilot_v1/reference_segments_adapter_ready.csv --budget 80 --seed 3 --run-id ARC_refinement_b80_s3_th0.5 --variant refinement --threshold 0.5 --cluster-mode each_frame
baseline,ARC-refinement,80,4,0.5,outputs/ours_vs_baselines_realcartest_v1/baseline_outputs/ARC_refinement_b80_s4_th0.5,PASS,,python /qiuyeqing/llama_prl/G-ARC/refe_repos/adapter/arc_baseline/run.py --input /qiuyeqing/llama_prl/G-ARC/outputs/real_video_protocol_pilot_v1/frame_scores_adapter_ready.csv --output-dir /qiuyeqing/llama_prl/G-ARC/outputs/ours_vs_baselines_realcartest_v1/baseline_outputs/ARC_refinement_b80_s4_th0.5 --reference-segments /qiuyeqing/llama_prl/G-ARC/outputs/real_video_protocol_pilot_v1/reference_segments_adapter_ready.csv --budget 80 --seed 4 --run-id ARC_refinement_b80_s4_th0.5 --variant refinement --threshold 0.5 --cluster-mode each_frame
baseline,ARC-refinement,100,0,0.1,outputs/ours_vs_baselines_realcartest_v1/baseline_outputs/ARC_refinement_b100_s0_th0.1,PASS,,python /qiuyeqing/llama_prl/G-ARC/refe_repos/adapter/arc_baseline/run.py --input /qiuyeqing/llama_prl/G-ARC/outputs/real_video_protocol_pilot_v1/frame_scores_adapter_ready.csv --output-dir /qiuyeqing/llama_prl/G-ARC/outputs/ours_vs_baselines_realcartest_v1/baseline_outputs/ARC_refinement_b100_s0_th0.1 --reference-segments /qiuyeqing/llama_prl/G-ARC/outputs/real_video_protocol_pilot_v1/reference_segments_adapter_ready.csv --budget 100 --seed 0 --run-id ARC_refinement_b100_s0_th0.1 --variant refinement --threshold 0.1 --cluster-mode each_frame
baseline,ARC-refinement,100,1,0.1,outputs/ours_vs_baselines_realcartest_v1/baseline_outputs/ARC_refinement_b100_s1_th0.1,PASS,,python /qiuyeqing/llama_prl/G-ARC/refe_repos/adapter/arc_baseline/run.py --input /qiuyeqing/llama_prl/G-ARC/outputs/real_video_protocol_pilot_v1/frame_scores_adapter_ready.csv --output-dir /qiuyeqing/llama_prl/G-ARC/outputs/ours_vs_baselines_realcartest_v1/baseline_outputs/ARC_refinement_b100_s1_th0.1 --reference-segments /qiuyeqing/llama_prl/G-ARC/outputs/real_video_protocol_pilot_v1/reference_segments_adapter_ready.csv --budget 100 --seed 1 --run-id ARC_refinement_b100_s1_th0.1 --variant refinement --threshold 0.1 --cluster-mode each_frame
baseline,ARC-refinement,100,2,0.1,outputs/ours_vs_baselines_realcartest_v1/baseline_outputs/ARC_refinement_b100_s2_th0.1,PASS,,python /qiuyeqing/llama_prl/G-ARC/refe_repos/adapter/arc_baseline/run.py --input /qiuyeqing/llama_prl/G-ARC/outputs/real_video_protocol_pilot_v1/frame_scores_adapter_ready.csv --output-dir /qiuyeqing/llama_prl/G-ARC/outputs/ours_vs_baselines_realcartest_v1/baseline_outputs/ARC_refinement_b100_s2_th0.1 --reference-segments /qiuyeqing/llama_prl/G-ARC/outputs/real_video_protocol_pilot_v1/reference_segments_adapter_ready.csv --budget 100 --seed 2 --run-id ARC_refinement_b100_s2_th0.1 --variant refinement --threshold 0.1 --cluster-mode each_frame
baseline,ARC-refinement,100,3,0.1,outputs/ours_vs_baselines_realcartest_v1/baseline_outputs/ARC_refinement_b100_s3_th0.1,PASS,,python /qiuyeqing/llama_prl/G-ARC/refe_repos/adapter/arc_baseline/run.py --input /qiuyeqing/llama_prl/G-ARC/outputs/real_video_protocol_pilot_v1/frame_scores_adapter_ready.csv --output-dir /qiuyeqing/llama_prl/G-ARC/outputs/ours_vs_baselines_realcartest_v1/baseline_outputs/ARC_refinement_b100_s3_th0.1 --reference-segments /qiuyeqing/llama_prl/G-ARC/outputs/real_video_protocol_pilot_v1/reference_segments_adapter_ready.csv --budget 100 --seed 3 --run-id ARC_refinement_b100_s3_th0.1 --variant refinement --threshold 0.1 --cluster-mode each_frame
baseline,ARC-refinement,100,4,0.1,outputs/ours_vs_baselines_realcartest_v1/baseline_outputs/ARC_refinement_b100_s4_th0.1,PASS,,python /qiuyeqing/llama_prl/G-ARC/refe_repos/adapter/arc_baseline/run.py --input /qiuyeqing/llama_prl/G-ARC/outputs/real_video_protocol_pilot_v1/frame_scores_adapter_ready.csv --output-dir /qiuyeqing/llama_prl/G-ARC/outputs/ours_vs_baselines_realcartest_v1/baseline_outputs/ARC_refinement_b100_s4_th0.1 --reference-segments /qiuyeqing/llama_prl/G-ARC/outputs/real_video_protocol_pilot_v1/reference_segments_adapter_ready.csv --budget 100 --seed 4 --run-id ARC_refinement_b100_s4_th0.1 --variant refinement --threshold 0.1 --cluster-mode each_frame
baseline,ARC-refinement,100,0,0.2,outputs/ours_vs_baselines_realcartest_v1/baseline_outputs/ARC_refinement_b100_s0_th0.2,PASS,,python /qiuyeqing/llama_prl/G-ARC/refe_repos/adapter/arc_baseline/run.py --input /qiuyeqing/llama_prl/G-ARC/outputs/real_video_protocol_pilot_v1/frame_scores_adapter_ready.csv --output-dir /qiuyeqing/llama_prl/G-ARC/outputs/ours_vs_baselines_realcartest_v1/baseline_outputs/ARC_refinement_b100_s0_th0.2 --reference-segments /qiuyeqing/llama_prl/G-ARC/outputs/real_video_protocol_pilot_v1/reference_segments_adapter_ready.csv --budget 100 --seed 0 --run-id ARC_refinement_b100_s0_th0.2 --variant refinement --threshold 0.2 --cluster-mode each_frame
baseline,ARC-refinement,100,1,0.2,outputs/ours_vs_baselines_realcartest_v1/baseline_outputs/ARC_refinement_b100_s1_th0.2,PASS,,python /qiuyeqing/llama_prl/G-ARC/refe_repos/adapter/arc_baseline/run.py --input /qiuyeqing/llama_prl/G-ARC/outputs/real_video_protocol_pilot_v1/frame_scores_adapter_ready.csv --output-dir /qiuyeqing/llama_prl/G-ARC/outputs/ours_vs_baselines_realcartest_v1/baseline_outputs/ARC_refinement_b100_s1_th0.2 --reference-segments /qiuyeqing/llama_prl/G-ARC/outputs/real_video_protocol_pilot_v1/reference_segments_adapter_ready.csv --budget 100 --seed 1 --run-id ARC_refinement_b100_s1_th0.2 --variant refinement --threshold 0.2 --cluster-mode each_frame
baseline,ARC-refinement,100,2,0.2,outputs/ours_vs_baselines_realcartest_v1/baseline_outputs/ARC_refinement_b100_s2_th0.2,PASS,,python /qiuyeqing/llama_prl/G-ARC/refe_repos/adapter/arc_baseline/run.py --input /qiuyeqing/llama_prl/G-ARC/outputs/real_video_protocol_pilot_v1/frame_scores_adapter_ready.csv --output-dir /qiuyeqing/llama_prl/G-ARC/outputs/ours_vs_baselines_realcartest_v1/baseline_outputs/ARC_refinement_b100_s2_th0.2 --reference-segments /qiuyeqing/llama_prl/G-ARC/outputs/real_video_protocol_pilot_v1/reference_segments_adapter_ready.csv --budget 100 --seed 2 --run-id ARC_refinement_b100_s2_th0.2 --variant refinement --threshold 0.2 --cluster-mode each_frame
baseline,ARC-refinement,100,3,0.2,outputs/ours_vs_baselines_realcartest_v1/baseline_outputs/ARC_refinement_b100_s3_th0.2,PASS,,python /qiuyeqing/llama_prl/G-ARC/refe_repos/adapter/arc_baseline/run.py --input /qiuyeqing/llama_prl/G-ARC/outputs/real_video_protocol_pilot_v1/frame_scores_adapter_ready.csv --output-dir /qiuyeqing/llama_prl/G-ARC/outputs/ours_vs_baselines_realcartest_v1/baseline_outputs/ARC_refinement_b100_s3_th0.2 --reference-segments /qiuyeqing/llama_prl/G-ARC/outputs/real_video_protocol_pilot_v1/reference_segments_adapter_ready.csv --budget 100 --seed 3 --run-id ARC_refinement_b100_s3_th0.2 --variant refinement --threshold 0.2 --cluster-mode each_frame
baseline,ARC-refinement,100,4,0.2,outputs/ours_vs_baselines_realcartest_v1/baseline_outputs/ARC_refinement_b100_s4_th0.2,PASS,,python /qiuyeqing/llama_prl/G-ARC/refe_repos/adapter/arc_baseline/run.py --input /qiuyeqing/llama_prl/G-ARC/outputs/real_video_protocol_pilot_v1/frame_scores_adapter_ready.csv --output-dir /qiuyeqing/llama_prl/G-ARC/outputs/ours_vs_baselines_realcartest_v1/baseline_outputs/ARC_refinement_b100_s4_th0.2 --reference-segments /qiuyeqing/llama_prl/G-ARC/outputs/real_video_protocol_pilot_v1/reference_segments_adapter_ready.csv --budget 100 --seed 4 --run-id ARC_refinement_b100_s4_th0.2 --variant refinement --threshold 0.2 --cluster-mode each_frame
baseline,ARC-refinement,100,0,0.3,outputs/ours_vs_baselines_realcartest_v1/baseline_outputs/ARC_refinement_b100_s0_th0.3,PASS,,python /qiuyeqing/llama_prl/G-ARC/refe_repos/adapter/arc_baseline/run.py --input /qiuyeqing/llama_prl/G-ARC/outputs/real_video_protocol_pilot_v1/frame_scores_adapter_ready.csv --output-dir /qiuyeqing/llama_prl/G-ARC/outputs/ours_vs_baselines_realcartest_v1/baseline_outputs/ARC_refinement_b100_s0_th0.3 --reference-segments /qiuyeqing/llama_prl/G-ARC/outputs/real_video_protocol_pilot_v1/reference_segments_adapter_ready.csv --budget 100 --seed 0 --run-id ARC_refinement_b100_s0_th0.3 --variant refinement --threshold 0.3 --cluster-mode each_frame
baseline,ARC-refinement,100,1,0.3,outputs/ours_vs_baselines_realcartest_v1/baseline_outputs/ARC_refinement_b100_s1_th0.3,PASS,,python /qiuyeqing/llama_prl/G-ARC/refe_repos/adapter/arc_baseline/run.py --input /qiuyeqing/llama_prl/G-ARC/outputs/real_video_protocol_pilot_v1/frame_scores_adapter_ready.csv --output-dir /qiuyeqing/llama_prl/G-ARC/outputs/ours_vs_baselines_realcartest_v1/baseline_outputs/ARC_refinement_b100_s1_th0.3 --reference-segments /qiuyeqing/llama_prl/G-ARC/outputs/real_video_protocol_pilot_v1/reference_segments_adapter_ready.csv --budget 100 --seed 1 --run-id ARC_refinement_b100_s1_th0.3 --variant refinement --threshold 0.3 --cluster-mode each_frame
baseline,ARC-refinement,100,2,0.3,outputs/ours_vs_baselines_realcartest_v1/baseline_outputs/ARC_refinement_b100_s2_th0.3,PASS,,python /qiuyeqing/llama_prl/G-ARC/refe_repos/adapter/arc_baseline/run.py --input /qiuyeqing/llama_prl/G-ARC/outputs/real_video_protocol_pilot_v1/frame_scores_adapter_ready.csv --output-dir /qiuyeqing/llama_prl/G-ARC/outputs/ours_vs_baselines_realcartest_v1/baseline_outputs/ARC_refinement_b100_s2_th0.3 --reference-segments /qiuyeqing/llama_prl/G-ARC/outputs/real_video_protocol_pilot_v1/reference_segments_adapter_ready.csv --budget 100 --seed 2 --run-id ARC_refinement_b100_s2_th0.3 --variant refinement --threshold 0.3 --cluster-mode each_frame
baseline,ARC-refinement,100,3,0.3,outputs/ours_vs_baselines_realcartest_v1/baseline_outputs/ARC_refinement_b100_s3_th0.3,PASS,,python /qiuyeqing/llama_prl/G-ARC/refe_repos/adapter/arc_baseline/run.py --input /qiuyeqing/llama_prl/G-ARC/outputs/real_video_protocol_pilot_v1/frame_scores_adapter_ready.csv --output-dir /qiuyeqing/llama_prl/G-ARC/outputs/ours_vs_baselines_realcartest_v1/baseline_outputs/ARC_refinement_b100_s3_th0.3 --reference-segments /qiuyeqing/llama_prl/G-ARC/outputs/real_video_protocol_pilot_v1/reference_segments_adapter_ready.csv --budget 100 --seed 3 --run-id ARC_refinement_b100_s3_th0.3 --variant refinement --threshold 0.3 --cluster-mode each_frame
baseline,ARC-refinement,100,4,0.3,outputs/ours_vs_baselines_realcartest_v1/baseline_outputs/ARC_refinement_b100_s4_th0.3,PASS,,python /qiuyeqing/llama_prl/G-ARC/refe_repos/adapter/arc_baseline/run.py --input /qiuyeqing/llama_prl/G-ARC/outputs/real_video_protocol_pilot_v1/frame_scores_adapter_ready.csv --output-dir /qiuyeqing/llama_prl/G-ARC/outputs/ours_vs_baselines_realcartest_v1/baseline_outputs/ARC_refinement_b100_s4_th0.3 --reference-segments /qiuyeqing/llama_prl/G-ARC/outputs/real_video_protocol_pilot_v1/reference_segments_adapter_ready.csv --budget 100 --seed 4 --run-id ARC_refinement_b100_s4_th0.3 --variant refinement --threshold 0.3 --cluster-mode each_frame
baseline,ARC-refinement,100,0,0.4,outputs/ours_vs_baselines_realcartest_v1/baseline_outputs/ARC_refinement_b100_s0_th0.4,PASS,,python /qiuyeqing/llama_prl/G-ARC/refe_repos/adapter/arc_baseline/run.py --input /qiuyeqing/llama_prl/G-ARC/outputs/real_video_protocol_pilot_v1/frame_scores_adapter_ready.csv --output-dir /qiuyeqing/llama_prl/G-ARC/outputs/ours_vs_baselines_realcartest_v1/baseline_outputs/ARC_refinement_b100_s0_th0.4 --reference-segments /qiuyeqing/llama_prl/G-ARC/outputs/real_video_protocol_pilot_v1/reference_segments_adapter_ready.csv --budget 100 --seed 0 --run-id ARC_refinement_b100_s0_th0.4 --variant refinement --threshold 0.4 --cluster-mode each_frame
baseline,ARC-refinement,100,1,0.4,outputs/ours_vs_baselines_realcartest_v1/baseline_outputs/ARC_refinement_b100_s1_th0.4,PASS,,python /qiuyeqing/llama_prl/G-ARC/refe_repos/adapter/arc_baseline/run.py --input /qiuyeqing/llama_prl/G-ARC/outputs/real_video_protocol_pilot_v1/frame_scores_adapter_ready.csv --output-dir /qiuyeqing/llama_prl/G-ARC/outputs/ours_vs_baselines_realcartest_v1/baseline_outputs/ARC_refinement_b100_s1_th0.4 --reference-segments /qiuyeqing/llama_prl/G-ARC/outputs/real_video_protocol_pilot_v1/reference_segments_adapter_ready.csv --budget 100 --seed 1 --run-id ARC_refinement_b100_s1_th0.4 --variant refinement --threshold 0.4 --cluster-mode each_frame
baseline,ARC-refinement,100,2,0.4,outputs/ours_vs_baselines_realcartest_v1/baseline_outputs/ARC_refinement_b100_s2_th0.4,PASS,,python /qiuyeqing/llama_prl/G-ARC/refe_repos/adapter/arc_baseline/run.py --input /qiuyeqing/llama_prl/G-ARC/outputs/real_video_protocol_pilot_v1/frame_scores_adapter_ready.csv --output-dir /qiuyeqing/llama_prl/G-ARC/outputs/ours_vs_baselines_realcartest_v1/baseline_outputs/ARC_refinement_b100_s2_th0.4 --reference-segments /qiuyeqing/llama_prl/G-ARC/outputs/real_video_protocol_pilot_v1/reference_segments_adapter_ready.csv --budget 100 --seed 2 --run-id ARC_refinement_b100_s2_th0.4 --variant refinement --threshold 0.4 --cluster-mode each_frame
baseline,ARC-refinement,100,3,0.4,outputs/ours_vs_baselines_realcartest_v1/baseline_outputs/ARC_refinement_b100_s3_th0.4,PASS,,python /qiuyeqing/llama_prl/G-ARC/refe_repos/adapter/arc_baseline/run.py --input /qiuyeqing/llama_prl/G-ARC/outputs/real_video_protocol_pilot_v1/frame_scores_adapter_ready.csv --output-dir /qiuyeqing/llama_prl/G-ARC/outputs/ours_vs_baselines_realcartest_v1/baseline_outputs/ARC_refinement_b100_s3_th0.4 --reference-segments /qiuyeqing/llama_prl/G-ARC/outputs/real_video_protocol_pilot_v1/reference_segments_adapter_ready.csv --budget 100 --seed 3 --run-id ARC_refinement_b100_s3_th0.4 --variant refinement --threshold 0.4 --cluster-mode each_frame
baseline,ARC-refinement,100,4,0.4,outputs/ours_vs_baselines_realcartest_v1/baseline_outputs/ARC_refinement_b100_s4_th0.4,PASS,,python /qiuyeqing/llama_prl/G-ARC/refe_repos/adapter/arc_baseline/run.py --input /qiuyeqing/llama_prl/G-ARC/outputs/real_video_protocol_pilot_v1/frame_scores_adapter_ready.csv --output-dir /qiuyeqing/llama_prl/G-ARC/outputs/ours_vs_baselines_realcartest_v1/baseline_outputs/ARC_refinement_b100_s4_th0.4 --reference-segments /qiuyeqing/llama_prl/G-ARC/outputs/real_video_protocol_pilot_v1/reference_segments_adapter_ready.csv --budget 100 --seed 4 --run-id ARC_refinement_b100_s4_th0.4 --variant refinement --threshold 0.4 --cluster-mode each_frame
baseline,ARC-refinement,100,0,0.5,outputs/ours_vs_baselines_realcartest_v1/baseline_outputs/ARC_refinement_b100_s0_th0.5,PASS,,python /qiuyeqing/llama_prl/G-ARC/refe_repos/adapter/arc_baseline/run.py --input /qiuyeqing/llama_prl/G-ARC/outputs/real_video_protocol_pilot_v1/frame_scores_adapter_ready.csv --output-dir /qiuyeqing/llama_prl/G-ARC/outputs/ours_vs_baselines_realcartest_v1/baseline_outputs/ARC_refinement_b100_s0_th0.5 --reference-segments /qiuyeqing/llama_prl/G-ARC/outputs/real_video_protocol_pilot_v1/reference_segments_adapter_ready.csv --budget 100 --seed 0 --run-id ARC_refinement_b100_s0_th0.5 --variant refinement --threshold 0.5 --cluster-mode each_frame
baseline,ARC-refinement,100,1,0.5,outputs/ours_vs_baselines_realcartest_v1/baseline_outputs/ARC_refinement_b100_s1_th0.5,PASS,,python /qiuyeqing/llama_prl/G-ARC/refe_repos/adapter/arc_baseline/run.py --input /qiuyeqing/llama_prl/G-ARC/outputs/real_video_protocol_pilot_v1/frame_scores_adapter_ready.csv --output-dir /qiuyeqing/llama_prl/G-ARC/outputs/ours_vs_baselines_realcartest_v1/baseline_outputs/ARC_refinement_b100_s1_th0.5 --reference-segments /qiuyeqing/llama_prl/G-ARC/outputs/real_video_protocol_pilot_v1/reference_segments_adapter_ready.csv --budget 100 --seed 1 --run-id ARC_refinement_b100_s1_th0.5 --variant refinement --threshold 0.5 --cluster-mode each_frame
baseline,ARC-refinement,100,2,0.5,outputs/ours_vs_baselines_realcartest_v1/baseline_outputs/ARC_refinement_b100_s2_th0.5,PASS,,python /qiuyeqing/llama_prl/G-ARC/refe_repos/adapter/arc_baseline/run.py --input /qiuyeqing/llama_prl/G-ARC/outputs/real_video_protocol_pilot_v1/frame_scores_adapter_ready.csv --output-dir /qiuyeqing/llama_prl/G-ARC/outputs/ours_vs_baselines_realcartest_v1/baseline_outputs/ARC_refinement_b100_s2_th0.5 --reference-segments /qiuyeqing/llama_prl/G-ARC/outputs/real_video_protocol_pilot_v1/reference_segments_adapter_ready.csv --budget 100 --seed 2 --run-id ARC_refinement_b100_s2_th0.5 --variant refinement --threshold 0.5 --cluster-mode each_frame
baseline,ARC-refinement,100,3,0.5,outputs/ours_vs_baselines_realcartest_v1/baseline_outputs/ARC_refinement_b100_s3_th0.5,PASS,,python /qiuyeqing/llama_prl/G-ARC/refe_repos/adapter/arc_baseline/run.py --input /qiuyeqing/llama_prl/G-ARC/outputs/real_video_protocol_pilot_v1/frame_scores_adapter_ready.csv --output-dir /qiuyeqing/llama_prl/G-ARC/outputs/ours_vs_baselines_realcartest_v1/baseline_outputs/ARC_refinement_b100_s3_th0.5 --reference-segments /qiuyeqing/llama_prl/G-ARC/outputs/real_video_protocol_pilot_v1/reference_segments_adapter_ready.csv --budget 100 --seed 3 --run-id ARC_refinement_b100_s3_th0.5 --variant refinement --threshold 0.5 --cluster-mode each_frame
baseline,ARC-refinement,100,4,0.5,outputs/ours_vs_baselines_realcartest_v1/baseline_outputs/ARC_refinement_b100_s4_th0.5,PASS,,python /qiuyeqing/llama_prl/G-ARC/refe_repos/adapter/arc_baseline/run.py --input /qiuyeqing/llama_prl/G-ARC/outputs/real_video_protocol_pilot_v1/frame_scores_adapter_ready.csv --output-dir /qiuyeqing/llama_prl/G-ARC/outputs/ours_vs_baselines_realcartest_v1/baseline_outputs/ARC_refinement_b100_s4_th0.5 --reference-segments /qiuyeqing/llama_prl/G-ARC/outputs/real_video_protocol_pilot_v1/reference_segments_adapter_ready.csv --budget 100 --seed 4 --run-id ARC_refinement_b100_s4_th0.5 --variant refinement --threshold 0.5 --cluster-mode each_frame
baseline,SUPG-RT-all-selected,5,0,,outputs/ours_vs_baselines_realcartest_v1/baseline_outputs/SUPG_RT_all_selected_b5_s0,PASS,,python /qiuyeqing/llama_prl/G-ARC/refe_repos/adapter/supg_baseline/run.py --input /qiuyeqing/llama_prl/G-ARC/outputs/real_video_protocol_pilot_v1/frame_scores_adapter_ready.csv --output-dir /qiuyeqing/llama_prl/G-ARC/outputs/ours_vs_baselines_realcartest_v1/baseline_outputs/SUPG_RT_all_selected_b5_s0 --reference-segments /qiuyeqing/llama_prl/G-ARC/outputs/real_video_protocol_pilot_v1/reference_segments_adapter_ready.csv --budget 5 --seed 0 --run-id SUPG_RT_all_selected_b5_s0 --variant all-selected
baseline,SUPG-RT-all-selected,5,1,,outputs/ours_vs_baselines_realcartest_v1/baseline_outputs/SUPG_RT_all_selected_b5_s1,PASS,,python /qiuyeqing/llama_prl/G-ARC/refe_repos/adapter/supg_baseline/run.py --input /qiuyeqing/llama_prl/G-ARC/outputs/real_video_protocol_pilot_v1/frame_scores_adapter_ready.csv --output-dir /qiuyeqing/llama_prl/G-ARC/outputs/ours_vs_baselines_realcartest_v1/baseline_outputs/SUPG_RT_all_selected_b5_s1 --reference-segments /qiuyeqing/llama_prl/G-ARC/outputs/real_video_protocol_pilot_v1/reference_segments_adapter_ready.csv --budget 5 --seed 1 --run-id SUPG_RT_all_selected_b5_s1 --variant all-selected
baseline,SUPG-RT-all-selected,5,2,,outputs/ours_vs_baselines_realcartest_v1/baseline_outputs/SUPG_RT_all_selected_b5_s2,PASS,,python /qiuyeqing/llama_prl/G-ARC/refe_repos/adapter/supg_baseline/run.py --input /qiuyeqing/llama_prl/G-ARC/outputs/real_video_protocol_pilot_v1/frame_scores_adapter_ready.csv --output-dir /qiuyeqing/llama_prl/G-ARC/outputs/ours_vs_baselines_realcartest_v1/baseline_outputs/SUPG_RT_all_selected_b5_s2 --reference-segments /qiuyeqing/llama_prl/G-ARC/outputs/real_video_protocol_pilot_v1/reference_segments_adapter_ready.csv --budget 5 --seed 2 --run-id SUPG_RT_all_selected_b5_s2 --variant all-selected
baseline,SUPG-RT-all-selected,5,3,,outputs/ours_vs_baselines_realcartest_v1/baseline_outputs/SUPG_RT_all_selected_b5_s3,PASS,,python /qiuyeqing/llama_prl/G-ARC/refe_repos/adapter/supg_baseline/run.py --input /qiuyeqing/llama_prl/G-ARC/outputs/real_video_protocol_pilot_v1/frame_scores_adapter_ready.csv --output-dir /qiuyeqing/llama_prl/G-ARC/outputs/ours_vs_baselines_realcartest_v1/baseline_outputs/SUPG_RT_all_selected_b5_s3 --reference-segments /qiuyeqing/llama_prl/G-ARC/outputs/real_video_protocol_pilot_v1/reference_segments_adapter_ready.csv --budget 5 --seed 3 --run-id SUPG_RT_all_selected_b5_s3 --variant all-selected
baseline,SUPG-RT-all-selected,5,4,,outputs/ours_vs_baselines_realcartest_v1/baseline_outputs/SUPG_RT_all_selected_b5_s4,PASS,,python /qiuyeqing/llama_prl/G-ARC/refe_repos/adapter/supg_baseline/run.py --input /qiuyeqing/llama_prl/G-ARC/outputs/real_video_protocol_pilot_v1/frame_scores_adapter_ready.csv --output-dir /qiuyeqing/llama_prl/G-ARC/outputs/ours_vs_baselines_realcartest_v1/baseline_outputs/SUPG_RT_all_selected_b5_s4 --reference-segments /qiuyeqing/llama_prl/G-ARC/outputs/real_video_protocol_pilot_v1/reference_segments_adapter_ready.csv --budget 5 --seed 4 --run-id SUPG_RT_all_selected_b5_s4 --variant all-selected
baseline,SUPG-RT-all-selected,10,0,,outputs/ours_vs_baselines_realcartest_v1/baseline_outputs/SUPG_RT_all_selected_b10_s0,PASS,,python /qiuyeqing/llama_prl/G-ARC/refe_repos/adapter/supg_baseline/run.py --input /qiuyeqing/llama_prl/G-ARC/outputs/real_video_protocol_pilot_v1/frame_scores_adapter_ready.csv --output-dir /qiuyeqing/llama_prl/G-ARC/outputs/ours_vs_baselines_realcartest_v1/baseline_outputs/SUPG_RT_all_selected_b10_s0 --reference-segments /qiuyeqing/llama_prl/G-ARC/outputs/real_video_protocol_pilot_v1/reference_segments_adapter_ready.csv --budget 10 --seed 0 --run-id SUPG_RT_all_selected_b10_s0 --variant all-selected
baseline,SUPG-RT-all-selected,10,1,,outputs/ours_vs_baselines_realcartest_v1/baseline_outputs/SUPG_RT_all_selected_b10_s1,PASS,,python /qiuyeqing/llama_prl/G-ARC/refe_repos/adapter/supg_baseline/run.py --input /qiuyeqing/llama_prl/G-ARC/outputs/real_video_protocol_pilot_v1/frame_scores_adapter_ready.csv --output-dir /qiuyeqing/llama_prl/G-ARC/outputs/ours_vs_baselines_realcartest_v1/baseline_outputs/SUPG_RT_all_selected_b10_s1 --reference-segments /qiuyeqing/llama_prl/G-ARC/outputs/real_video_protocol_pilot_v1/reference_segments_adapter_ready.csv --budget 10 --seed 1 --run-id SUPG_RT_all_selected_b10_s1 --variant all-selected
baseline,SUPG-RT-all-selected,10,2,,outputs/ours_vs_baselines_realcartest_v1/baseline_outputs/SUPG_RT_all_selected_b10_s2,PASS,,python /qiuyeqing/llama_prl/G-ARC/refe_repos/adapter/supg_baseline/run.py --input /qiuyeqing/llama_prl/G-ARC/outputs/real_video_protocol_pilot_v1/frame_scores_adapter_ready.csv --output-dir /qiuyeqing/llama_prl/G-ARC/outputs/ours_vs_baselines_realcartest_v1/baseline_outputs/SUPG_RT_all_selected_b10_s2 --reference-segments /qiuyeqing/llama_prl/G-ARC/outputs/real_video_protocol_pilot_v1/reference_segments_adapter_ready.csv --budget 10 --seed 2 --run-id SUPG_RT_all_selected_b10_s2 --variant all-selected
baseline,SUPG-RT-all-selected,10,3,,outputs/ours_vs_baselines_realcartest_v1/baseline_outputs/SUPG_RT_all_selected_b10_s3,PASS,,python /qiuyeqing/llama_prl/G-ARC/refe_repos/adapter/supg_baseline/run.py --input /qiuyeqing/llama_prl/G-ARC/outputs/real_video_protocol_pilot_v1/frame_scores_adapter_ready.csv --output-dir /qiuyeqing/llama_prl/G-ARC/outputs/ours_vs_baselines_realcartest_v1/baseline_outputs/SUPG_RT_all_selected_b10_s3 --reference-segments /qiuyeqing/llama_prl/G-ARC/outputs/real_video_protocol_pilot_v1/reference_segments_adapter_ready.csv --budget 10 --seed 3 --run-id SUPG_RT_all_selected_b10_s3 --variant all-selected
baseline,SUPG-RT-all-selected,10,4,,outputs/ours_vs_baselines_realcartest_v1/baseline_outputs/SUPG_RT_all_selected_b10_s4,PASS,,python /qiuyeqing/llama_prl/G-ARC/refe_repos/adapter/supg_baseline/run.py --input /qiuyeqing/llama_prl/G-ARC/outputs/real_video_protocol_pilot_v1/frame_scores_adapter_ready.csv --output-dir /qiuyeqing/llama_prl/G-ARC/outputs/ours_vs_baselines_realcartest_v1/baseline_outputs/SUPG_RT_all_selected_b10_s4 --reference-segments /qiuyeqing/llama_prl/G-ARC/outputs/real_video_protocol_pilot_v1/reference_segments_adapter_ready.csv --budget 10 --seed 4 --run-id SUPG_RT_all_selected_b10_s4 --variant all-selected
baseline,SUPG-RT-all-selected,20,0,,outputs/ours_vs_baselines_realcartest_v1/baseline_outputs/SUPG_RT_all_selected_b20_s0,PASS,,python /qiuyeqing/llama_prl/G-ARC/refe_repos/adapter/supg_baseline/run.py --input /qiuyeqing/llama_prl/G-ARC/outputs/real_video_protocol_pilot_v1/frame_scores_adapter_ready.csv --output-dir /qiuyeqing/llama_prl/G-ARC/outputs/ours_vs_baselines_realcartest_v1/baseline_outputs/SUPG_RT_all_selected_b20_s0 --reference-segments /qiuyeqing/llama_prl/G-ARC/outputs/real_video_protocol_pilot_v1/reference_segments_adapter_ready.csv --budget 20 --seed 0 --run-id SUPG_RT_all_selected_b20_s0 --variant all-selected
baseline,SUPG-RT-all-selected,20,1,,outputs/ours_vs_baselines_realcartest_v1/baseline_outputs/SUPG_RT_all_selected_b20_s1,PASS,,python /qiuyeqing/llama_prl/G-ARC/refe_repos/adapter/supg_baseline/run.py --input /qiuyeqing/llama_prl/G-ARC/outputs/real_video_protocol_pilot_v1/frame_scores_adapter_ready.csv --output-dir /qiuyeqing/llama_prl/G-ARC/outputs/ours_vs_baselines_realcartest_v1/baseline_outputs/SUPG_RT_all_selected_b20_s1 --reference-segments /qiuyeqing/llama_prl/G-ARC/outputs/real_video_protocol_pilot_v1/reference_segments_adapter_ready.csv --budget 20 --seed 1 --run-id SUPG_RT_all_selected_b20_s1 --variant all-selected
baseline,SUPG-RT-all-selected,20,2,,outputs/ours_vs_baselines_realcartest_v1/baseline_outputs/SUPG_RT_all_selected_b20_s2,PASS,,python /qiuyeqing/llama_prl/G-ARC/refe_repos/adapter/supg_baseline/run.py --input /qiuyeqing/llama_prl/G-ARC/outputs/real_video_protocol_pilot_v1/frame_scores_adapter_ready.csv --output-dir /qiuyeqing/llama_prl/G-ARC/outputs/ours_vs_baselines_realcartest_v1/baseline_outputs/SUPG_RT_all_selected_b20_s2 --reference-segments /qiuyeqing/llama_prl/G-ARC/outputs/real_video_protocol_pilot_v1/reference_segments_adapter_ready.csv --budget 20 --seed 2 --run-id SUPG_RT_all_selected_b20_s2 --variant all-selected
baseline,SUPG-RT-all-selected,20,3,,outputs/ours_vs_baselines_realcartest_v1/baseline_outputs/SUPG_RT_all_selected_b20_s3,PASS,,python /qiuyeqing/llama_prl/G-ARC/refe_repos/adapter/supg_baseline/run.py --input /qiuyeqing/llama_prl/G-ARC/outputs/real_video_protocol_pilot_v1/frame_scores_adapter_ready.csv --output-dir /qiuyeqing/llama_prl/G-ARC/outputs/ours_vs_baselines_realcartest_v1/baseline_outputs/SUPG_RT_all_selected_b20_s3 --reference-segments /qiuyeqing/llama_prl/G-ARC/outputs/real_video_protocol_pilot_v1/reference_segments_adapter_ready.csv --budget 20 --seed 3 --run-id SUPG_RT_all_selected_b20_s3 --variant all-selected
baseline,SUPG-RT-all-selected,20,4,,outputs/ours_vs_baselines_realcartest_v1/baseline_outputs/SUPG_RT_all_selected_b20_s4,PASS,,python /qiuyeqing/llama_prl/G-ARC/refe_repos/adapter/supg_baseline/run.py --input /qiuyeqing/llama_prl/G-ARC/outputs/real_video_protocol_pilot_v1/frame_scores_adapter_ready.csv --output-dir /qiuyeqing/llama_prl/G-ARC/outputs/ours_vs_baselines_realcartest_v1/baseline_outputs/SUPG_RT_all_selected_b20_s4 --reference-segments /qiuyeqing/llama_prl/G-ARC/outputs/real_video_protocol_pilot_v1/reference_segments_adapter_ready.csv --budget 20 --seed 4 --run-id SUPG_RT_all_selected_b20_s4 --variant all-selected
baseline,SUPG-RT-all-selected,30,0,,outputs/ours_vs_baselines_realcartest_v1/baseline_outputs/SUPG_RT_all_selected_b30_s0,PASS,,python /qiuyeqing/llama_prl/G-ARC/refe_repos/adapter/supg_baseline/run.py --input /qiuyeqing/llama_prl/G-ARC/outputs/real_video_protocol_pilot_v1/frame_scores_adapter_ready.csv --output-dir /qiuyeqing/llama_prl/G-ARC/outputs/ours_vs_baselines_realcartest_v1/baseline_outputs/SUPG_RT_all_selected_b30_s0 --reference-segments /qiuyeqing/llama_prl/G-ARC/outputs/real_video_protocol_pilot_v1/reference_segments_adapter_ready.csv --budget 30 --seed 0 --run-id SUPG_RT_all_selected_b30_s0 --variant all-selected
baseline,SUPG-RT-all-selected,30,1,,outputs/ours_vs_baselines_realcartest_v1/baseline_outputs/SUPG_RT_all_selected_b30_s1,PASS,,python /qiuyeqing/llama_prl/G-ARC/refe_repos/adapter/supg_baseline/run.py --input /qiuyeqing/llama_prl/G-ARC/outputs/real_video_protocol_pilot_v1/frame_scores_adapter_ready.csv --output-dir /qiuyeqing/llama_prl/G-ARC/outputs/ours_vs_baselines_realcartest_v1/baseline_outputs/SUPG_RT_all_selected_b30_s1 --reference-segments /qiuyeqing/llama_prl/G-ARC/outputs/real_video_protocol_pilot_v1/reference_segments_adapter_ready.csv --budget 30 --seed 1 --run-id SUPG_RT_all_selected_b30_s1 --variant all-selected
baseline,SUPG-RT-all-selected,30,2,,outputs/ours_vs_baselines_realcartest_v1/baseline_outputs/SUPG_RT_all_selected_b30_s2,PASS,,python /qiuyeqing/llama_prl/G-ARC/refe_repos/adapter/supg_baseline/run.py --input /qiuyeqing/llama_prl/G-ARC/outputs/real_video_protocol_pilot_v1/frame_scores_adapter_ready.csv --output-dir /qiuyeqing/llama_prl/G-ARC/outputs/ours_vs_baselines_realcartest_v1/baseline_outputs/SUPG_RT_all_selected_b30_s2 --reference-segments /qiuyeqing/llama_prl/G-ARC/outputs/real_video_protocol_pilot_v1/reference_segments_adapter_ready.csv --budget 30 --seed 2 --run-id SUPG_RT_all_selected_b30_s2 --variant all-selected
baseline,SUPG-RT-all-selected,30,3,,outputs/ours_vs_baselines_realcartest_v1/baseline_outputs/SUPG_RT_all_selected_b30_s3,PASS,,python /qiuyeqing/llama_prl/G-ARC/refe_repos/adapter/supg_baseline/run.py --input /qiuyeqing/llama_prl/G-ARC/outputs/real_video_protocol_pilot_v1/frame_scores_adapter_ready.csv --output-dir /qiuyeqing/llama_prl/G-ARC/outputs/ours_vs_baselines_realcartest_v1/baseline_outputs/SUPG_RT_all_selected_b30_s3 --reference-segments /qiuyeqing/llama_prl/G-ARC/outputs/real_video_protocol_pilot_v1/reference_segments_adapter_ready.csv --budget 30 --seed 3 --run-id SUPG_RT_all_selected_b30_s3 --variant all-selected
baseline,SUPG-RT-all-selected,30,4,,outputs/ours_vs_baselines_realcartest_v1/baseline_outputs/SUPG_RT_all_selected_b30_s4,PASS,,python /qiuyeqing/llama_prl/G-ARC/refe_repos/adapter/supg_baseline/run.py --input /qiuyeqing/llama_prl/G-ARC/outputs/real_video_protocol_pilot_v1/frame_scores_adapter_ready.csv --output-dir /qiuyeqing/llama_prl/G-ARC/outputs/ours_vs_baselines_realcartest_v1/baseline_outputs/SUPG_RT_all_selected_b30_s4 --reference-segments /qiuyeqing/llama_prl/G-ARC/outputs/real_video_protocol_pilot_v1/reference_segments_adapter_ready.csv --budget 30 --seed 4 --run-id SUPG_RT_all_selected_b30_s4 --variant all-selected
baseline,SUPG-RT-all-selected,40,0,,outputs/ours_vs_baselines_realcartest_v1/baseline_outputs/SUPG_RT_all_selected_b40_s0,PASS,,python /qiuyeqing/llama_prl/G-ARC/refe_repos/adapter/supg_baseline/run.py --input /qiuyeqing/llama_prl/G-ARC/outputs/real_video_protocol_pilot_v1/frame_scores_adapter_ready.csv --output-dir /qiuyeqing/llama_prl/G-ARC/outputs/ours_vs_baselines_realcartest_v1/baseline_outputs/SUPG_RT_all_selected_b40_s0 --reference-segments /qiuyeqing/llama_prl/G-ARC/outputs/real_video_protocol_pilot_v1/reference_segments_adapter_ready.csv --budget 40 --seed 0 --run-id SUPG_RT_all_selected_b40_s0 --variant all-selected
baseline,SUPG-RT-all-selected,40,1,,outputs/ours_vs_baselines_realcartest_v1/baseline_outputs/SUPG_RT_all_selected_b40_s1,PASS,,python /qiuyeqing/llama_prl/G-ARC/refe_repos/adapter/supg_baseline/run.py --input /qiuyeqing/llama_prl/G-ARC/outputs/real_video_protocol_pilot_v1/frame_scores_adapter_ready.csv --output-dir /qiuyeqing/llama_prl/G-ARC/outputs/ours_vs_baselines_realcartest_v1/baseline_outputs/SUPG_RT_all_selected_b40_s1 --reference-segments /qiuyeqing/llama_prl/G-ARC/outputs/real_video_protocol_pilot_v1/reference_segments_adapter_ready.csv --budget 40 --seed 1 --run-id SUPG_RT_all_selected_b40_s1 --variant all-selected
baseline,SUPG-RT-all-selected,40,2,,outputs/ours_vs_baselines_realcartest_v1/baseline_outputs/SUPG_RT_all_selected_b40_s2,PASS,,python /qiuyeqing/llama_prl/G-ARC/refe_repos/adapter/supg_baseline/run.py --input /qiuyeqing/llama_prl/G-ARC/outputs/real_video_protocol_pilot_v1/frame_scores_adapter_ready.csv --output-dir /qiuyeqing/llama_prl/G-ARC/outputs/ours_vs_baselines_realcartest_v1/baseline_outputs/SUPG_RT_all_selected_b40_s2 --reference-segments /qiuyeqing/llama_prl/G-ARC/outputs/real_video_protocol_pilot_v1/reference_segments_adapter_ready.csv --budget 40 --seed 2 --run-id SUPG_RT_all_selected_b40_s2 --variant all-selected
baseline,SUPG-RT-all-selected,40,3,,outputs/ours_vs_baselines_realcartest_v1/baseline_outputs/SUPG_RT_all_selected_b40_s3,PASS,,python /qiuyeqing/llama_prl/G-ARC/refe_repos/adapter/supg_baseline/run.py --input /qiuyeqing/llama_prl/G-ARC/outputs/real_video_protocol_pilot_v1/frame_scores_adapter_ready.csv --output-dir /qiuyeqing/llama_prl/G-ARC/outputs/ours_vs_baselines_realcartest_v1/baseline_outputs/SUPG_RT_all_selected_b40_s3 --reference-segments /qiuyeqing/llama_prl/G-ARC/outputs/real_video_protocol_pilot_v1/reference_segments_adapter_ready.csv --budget 40 --seed 3 --run-id SUPG_RT_all_selected_b40_s3 --variant all-selected
baseline,SUPG-RT-all-selected,40,4,,outputs/ours_vs_baselines_realcartest_v1/baseline_outputs/SUPG_RT_all_selected_b40_s4,PASS,,python /qiuyeqing/llama_prl/G-ARC/refe_repos/adapter/supg_baseline/run.py --input /qiuyeqing/llama_prl/G-ARC/outputs/real_video_protocol_pilot_v1/frame_scores_adapter_ready.csv --output-dir /qiuyeqing/llama_prl/G-ARC/outputs/ours_vs_baselines_realcartest_v1/baseline_outputs/SUPG_RT_all_selected_b40_s4 --reference-segments /qiuyeqing/llama_prl/G-ARC/outputs/real_video_protocol_pilot_v1/reference_segments_adapter_ready.csv --budget 40 --seed 4 --run-id SUPG_RT_all_selected_b40_s4 --variant all-selected
baseline,SUPG-RT-all-selected,50,0,,outputs/ours_vs_baselines_realcartest_v1/baseline_outputs/SUPG_RT_all_selected_b50_s0,PASS,,python /qiuyeqing/llama_prl/G-ARC/refe_repos/adapter/supg_baseline/run.py --input /qiuyeqing/llama_prl/G-ARC/outputs/real_video_protocol_pilot_v1/frame_scores_adapter_ready.csv --output-dir /qiuyeqing/llama_prl/G-ARC/outputs/ours_vs_baselines_realcartest_v1/baseline_outputs/SUPG_RT_all_selected_b50_s0 --reference-segments /qiuyeqing/llama_prl/G-ARC/outputs/real_video_protocol_pilot_v1/reference_segments_adapter_ready.csv --budget 50 --seed 0 --run-id SUPG_RT_all_selected_b50_s0 --variant all-selected
baseline,SUPG-RT-all-selected,50,1,,outputs/ours_vs_baselines_realcartest_v1/baseline_outputs/SUPG_RT_all_selected_b50_s1,PASS,,python /qiuyeqing/llama_prl/G-ARC/refe_repos/adapter/supg_baseline/run.py --input /qiuyeqing/llama_prl/G-ARC/outputs/real_video_protocol_pilot_v1/frame_scores_adapter_ready.csv --output-dir /qiuyeqing/llama_prl/G-ARC/outputs/ours_vs_baselines_realcartest_v1/baseline_outputs/SUPG_RT_all_selected_b50_s1 --reference-segments /qiuyeqing/llama_prl/G-ARC/outputs/real_video_protocol_pilot_v1/reference_segments_adapter_ready.csv --budget 50 --seed 1 --run-id SUPG_RT_all_selected_b50_s1 --variant all-selected
baseline,SUPG-RT-all-selected,50,2,,outputs/ours_vs_baselines_realcartest_v1/baseline_outputs/SUPG_RT_all_selected_b50_s2,PASS,,python /qiuyeqing/llama_prl/G-ARC/refe_repos/adapter/supg_baseline/run.py --input /qiuyeqing/llama_prl/G-ARC/outputs/real_video_protocol_pilot_v1/frame_scores_adapter_ready.csv --output-dir /qiuyeqing/llama_prl/G-ARC/outputs/ours_vs_baselines_realcartest_v1/baseline_outputs/SUPG_RT_all_selected_b50_s2 --reference-segments /qiuyeqing/llama_prl/G-ARC/outputs/real_video_protocol_pilot_v1/reference_segments_adapter_ready.csv --budget 50 --seed 2 --run-id SUPG_RT_all_selected_b50_s2 --variant all-selected
baseline,SUPG-RT-all-selected,50,3,,outputs/ours_vs_baselines_realcartest_v1/baseline_outputs/SUPG_RT_all_selected_b50_s3,PASS,,python /qiuyeqing/llama_prl/G-ARC/refe_repos/adapter/supg_baseline/run.py --input /qiuyeqing/llama_prl/G-ARC/outputs/real_video_protocol_pilot_v1/frame_scores_adapter_ready.csv --output-dir /qiuyeqing/llama_prl/G-ARC/outputs/ours_vs_baselines_realcartest_v1/baseline_outputs/SUPG_RT_all_selected_b50_s3 --reference-segments /qiuyeqing/llama_prl/G-ARC/outputs/real_video_protocol_pilot_v1/reference_segments_adapter_ready.csv --budget 50 --seed 3 --run-id SUPG_RT_all_selected_b50_s3 --variant all-selected
baseline,SUPG-RT-all-selected,50,4,,outputs/ours_vs_baselines_realcartest_v1/baseline_outputs/SUPG_RT_all_selected_b50_s4,PASS,,python /qiuyeqing/llama_prl/G-ARC/refe_repos/adapter/supg_baseline/run.py --input /qiuyeqing/llama_prl/G-ARC/outputs/real_video_protocol_pilot_v1/frame_scores_adapter_ready.csv --output-dir /qiuyeqing/llama_prl/G-ARC/outputs/ours_vs_baselines_realcartest_v1/baseline_outputs/SUPG_RT_all_selected_b50_s4 --reference-segments /qiuyeqing/llama_prl/G-ARC/outputs/real_video_protocol_pilot_v1/reference_segments_adapter_ready.csv --budget 50 --seed 4 --run-id SUPG_RT_all_selected_b50_s4 --variant all-selected
baseline,SUPG-RT-all-selected,80,0,,outputs/ours_vs_baselines_realcartest_v1/baseline_outputs/SUPG_RT_all_selected_b80_s0,PASS,,python /qiuyeqing/llama_prl/G-ARC/refe_repos/adapter/supg_baseline/run.py --input /qiuyeqing/llama_prl/G-ARC/outputs/real_video_protocol_pilot_v1/frame_scores_adapter_ready.csv --output-dir /qiuyeqing/llama_prl/G-ARC/outputs/ours_vs_baselines_realcartest_v1/baseline_outputs/SUPG_RT_all_selected_b80_s0 --reference-segments /qiuyeqing/llama_prl/G-ARC/outputs/real_video_protocol_pilot_v1/reference_segments_adapter_ready.csv --budget 80 --seed 0 --run-id SUPG_RT_all_selected_b80_s0 --variant all-selected
baseline,SUPG-RT-all-selected,80,1,,outputs/ours_vs_baselines_realcartest_v1/baseline_outputs/SUPG_RT_all_selected_b80_s1,PASS,,python /qiuyeqing/llama_prl/G-ARC/refe_repos/adapter/supg_baseline/run.py --input /qiuyeqing/llama_prl/G-ARC/outputs/real_video_protocol_pilot_v1/frame_scores_adapter_ready.csv --output-dir /qiuyeqing/llama_prl/G-ARC/outputs/ours_vs_baselines_realcartest_v1/baseline_outputs/SUPG_RT_all_selected_b80_s1 --reference-segments /qiuyeqing/llama_prl/G-ARC/outputs/real_video_protocol_pilot_v1/reference_segments_adapter_ready.csv --budget 80 --seed 1 --run-id SUPG_RT_all_selected_b80_s1 --variant all-selected
baseline,SUPG-RT-all-selected,80,2,,outputs/ours_vs_baselines_realcartest_v1/baseline_outputs/SUPG_RT_all_selected_b80_s2,PASS,,python /qiuyeqing/llama_prl/G-ARC/refe_repos/adapter/supg_baseline/run.py --input /qiuyeqing/llama_prl/G-ARC/outputs/real_video_protocol_pilot_v1/frame_scores_adapter_ready.csv --output-dir /qiuyeqing/llama_prl/G-ARC/outputs/ours_vs_baselines_realcartest_v1/baseline_outputs/SUPG_RT_all_selected_b80_s2 --reference-segments /qiuyeqing/llama_prl/G-ARC/outputs/real_video_protocol_pilot_v1/reference_segments_adapter_ready.csv --budget 80 --seed 2 --run-id SUPG_RT_all_selected_b80_s2 --variant all-selected
baseline,SUPG-RT-all-selected,80,3,,outputs/ours_vs_baselines_realcartest_v1/baseline_outputs/SUPG_RT_all_selected_b80_s3,PASS,,python /qiuyeqing/llama_prl/G-ARC/refe_repos/adapter/supg_baseline/run.py --input /qiuyeqing/llama_prl/G-ARC/outputs/real_video_protocol_pilot_v1/frame_scores_adapter_ready.csv --output-dir /qiuyeqing/llama_prl/G-ARC/outputs/ours_vs_baselines_realcartest_v1/baseline_outputs/SUPG_RT_all_selected_b80_s3 --reference-segments /qiuyeqing/llama_prl/G-ARC/outputs/real_video_protocol_pilot_v1/reference_segments_adapter_ready.csv --budget 80 --seed 3 --run-id SUPG_RT_all_selected_b80_s3 --variant all-selected
baseline,SUPG-RT-all-selected,80,4,,outputs/ours_vs_baselines_realcartest_v1/baseline_outputs/SUPG_RT_all_selected_b80_s4,PASS,,python /qiuyeqing/llama_prl/G-ARC/refe_repos/adapter/supg_baseline/run.py --input /qiuyeqing/llama_prl/G-ARC/outputs/real_video_protocol_pilot_v1/frame_scores_adapter_ready.csv --output-dir /qiuyeqing/llama_prl/G-ARC/outputs/ours_vs_baselines_realcartest_v1/baseline_outputs/SUPG_RT_all_selected_b80_s4 --reference-segments /qiuyeqing/llama_prl/G-ARC/outputs/real_video_protocol_pilot_v1/reference_segments_adapter_ready.csv --budget 80 --seed 4 --run-id SUPG_RT_all_selected_b80_s4 --variant all-selected
baseline,SUPG-RT-all-selected,100,0,,outputs/ours_vs_baselines_realcartest_v1/baseline_outputs/SUPG_RT_all_selected_b100_s0,PASS,,python /qiuyeqing/llama_prl/G-ARC/refe_repos/adapter/supg_baseline/run.py --input /qiuyeqing/llama_prl/G-ARC/outputs/real_video_protocol_pilot_v1/frame_scores_adapter_ready.csv --output-dir /qiuyeqing/llama_prl/G-ARC/outputs/ours_vs_baselines_realcartest_v1/baseline_outputs/SUPG_RT_all_selected_b100_s0 --reference-segments /qiuyeqing/llama_prl/G-ARC/outputs/real_video_protocol_pilot_v1/reference_segments_adapter_ready.csv --budget 100 --seed 0 --run-id SUPG_RT_all_selected_b100_s0 --variant all-selected
baseline,SUPG-RT-all-selected,100,1,,outputs/ours_vs_baselines_realcartest_v1/baseline_outputs/SUPG_RT_all_selected_b100_s1,PASS,,python /qiuyeqing/llama_prl/G-ARC/refe_repos/adapter/supg_baseline/run.py --input /qiuyeqing/llama_prl/G-ARC/outputs/real_video_protocol_pilot_v1/frame_scores_adapter_ready.csv --output-dir /qiuyeqing/llama_prl/G-ARC/outputs/ours_vs_baselines_realcartest_v1/baseline_outputs/SUPG_RT_all_selected_b100_s1 --reference-segments /qiuyeqing/llama_prl/G-ARC/outputs/real_video_protocol_pilot_v1/reference_segments_adapter_ready.csv --budget 100 --seed 1 --run-id SUPG_RT_all_selected_b100_s1 --variant all-selected
baseline,SUPG-RT-all-selected,100,2,,outputs/ours_vs_baselines_realcartest_v1/baseline_outputs/SUPG_RT_all_selected_b100_s2,PASS,,python /qiuyeqing/llama_prl/G-ARC/refe_repos/adapter/supg_baseline/run.py --input /qiuyeqing/llama_prl/G-ARC/outputs/real_video_protocol_pilot_v1/frame_scores_adapter_ready.csv --output-dir /qiuyeqing/llama_prl/G-ARC/outputs/ours_vs_baselines_realcartest_v1/baseline_outputs/SUPG_RT_all_selected_b100_s2 --reference-segments /qiuyeqing/llama_prl/G-ARC/outputs/real_video_protocol_pilot_v1/reference_segments_adapter_ready.csv --budget 100 --seed 2 --run-id SUPG_RT_all_selected_b100_s2 --variant all-selected
baseline,SUPG-RT-all-selected,100,3,,outputs/ours_vs_baselines_realcartest_v1/baseline_outputs/SUPG_RT_all_selected_b100_s3,PASS,,python /qiuyeqing/llama_prl/G-ARC/refe_repos/adapter/supg_baseline/run.py --input /qiuyeqing/llama_prl/G-ARC/outputs/real_video_protocol_pilot_v1/frame_scores_adapter_ready.csv --output-dir /qiuyeqing/llama_prl/G-ARC/outputs/ours_vs_baselines_realcartest_v1/baseline_outputs/SUPG_RT_all_selected_b100_s3 --reference-segments /qiuyeqing/llama_prl/G-ARC/outputs/real_video_protocol_pilot_v1/reference_segments_adapter_ready.csv --budget 100 --seed 3 --run-id SUPG_RT_all_selected_b100_s3 --variant all-selected
baseline,SUPG-RT-all-selected,100,4,,outputs/ours_vs_baselines_realcartest_v1/baseline_outputs/SUPG_RT_all_selected_b100_s4,PASS,,python /qiuyeqing/llama_prl/G-ARC/refe_repos/adapter/supg_baseline/run.py --input /qiuyeqing/llama_prl/G-ARC/outputs/real_video_protocol_pilot_v1/frame_scores_adapter_ready.csv --output-dir /qiuyeqing/llama_prl/G-ARC/outputs/ours_vs_baselines_realcartest_v1/baseline_outputs/SUPG_RT_all_selected_b100_s4 --reference-segments /qiuyeqing/llama_prl/G-ARC/outputs/real_video_protocol_pilot_v1/reference_segments_adapter_ready.csv --budget 100 --seed 4 --run-id SUPG_RT_all_selected_b100_s4 --variant all-selected
baseline,SUPG-RT-confirmed-only,5,0,,outputs/ours_vs_baselines_realcartest_v1/baseline_outputs/SUPG_RT_confirmed_only_b5_s0,PASS,,python /qiuyeqing/llama_prl/G-ARC/refe_repos/adapter/supg_baseline/run.py --input /qiuyeqing/llama_prl/G-ARC/outputs/real_video_protocol_pilot_v1/frame_scores_adapter_ready.csv --output-dir /qiuyeqing/llama_prl/G-ARC/outputs/ours_vs_baselines_realcartest_v1/baseline_outputs/SUPG_RT_confirmed_only_b5_s0 --reference-segments /qiuyeqing/llama_prl/G-ARC/outputs/real_video_protocol_pilot_v1/reference_segments_adapter_ready.csv --budget 5 --seed 0 --run-id SUPG_RT_confirmed_only_b5_s0 --variant confirmed-only
baseline,SUPG-RT-confirmed-only,5,1,,outputs/ours_vs_baselines_realcartest_v1/baseline_outputs/SUPG_RT_confirmed_only_b5_s1,PASS,,python /qiuyeqing/llama_prl/G-ARC/refe_repos/adapter/supg_baseline/run.py --input /qiuyeqing/llama_prl/G-ARC/outputs/real_video_protocol_pilot_v1/frame_scores_adapter_ready.csv --output-dir /qiuyeqing/llama_prl/G-ARC/outputs/ours_vs_baselines_realcartest_v1/baseline_outputs/SUPG_RT_confirmed_only_b5_s1 --reference-segments /qiuyeqing/llama_prl/G-ARC/outputs/real_video_protocol_pilot_v1/reference_segments_adapter_ready.csv --budget 5 --seed 1 --run-id SUPG_RT_confirmed_only_b5_s1 --variant confirmed-only
baseline,SUPG-RT-confirmed-only,5,2,,outputs/ours_vs_baselines_realcartest_v1/baseline_outputs/SUPG_RT_confirmed_only_b5_s2,PASS,,python /qiuyeqing/llama_prl/G-ARC/refe_repos/adapter/supg_baseline/run.py --input /qiuyeqing/llama_prl/G-ARC/outputs/real_video_protocol_pilot_v1/frame_scores_adapter_ready.csv --output-dir /qiuyeqing/llama_prl/G-ARC/outputs/ours_vs_baselines_realcartest_v1/baseline_outputs/SUPG_RT_confirmed_only_b5_s2 --reference-segments /qiuyeqing/llama_prl/G-ARC/outputs/real_video_protocol_pilot_v1/reference_segments_adapter_ready.csv --budget 5 --seed 2 --run-id SUPG_RT_confirmed_only_b5_s2 --variant confirmed-only
baseline,SUPG-RT-confirmed-only,5,3,,outputs/ours_vs_baselines_realcartest_v1/baseline_outputs/SUPG_RT_confirmed_only_b5_s3,PASS,,python /qiuyeqing/llama_prl/G-ARC/refe_repos/adapter/supg_baseline/run.py --input /qiuyeqing/llama_prl/G-ARC/outputs/real_video_protocol_pilot_v1/frame_scores_adapter_ready.csv --output-dir /qiuyeqing/llama_prl/G-ARC/outputs/ours_vs_baselines_realcartest_v1/baseline_outputs/SUPG_RT_confirmed_only_b5_s3 --reference-segments /qiuyeqing/llama_prl/G-ARC/outputs/real_video_protocol_pilot_v1/reference_segments_adapter_ready.csv --budget 5 --seed 3 --run-id SUPG_RT_confirmed_only_b5_s3 --variant confirmed-only
baseline,SUPG-RT-confirmed-only,5,4,,outputs/ours_vs_baselines_realcartest_v1/baseline_outputs/SUPG_RT_confirmed_only_b5_s4,PASS,,python /qiuyeqing/llama_prl/G-ARC/refe_repos/adapter/supg_baseline/run.py --input /qiuyeqing/llama_prl/G-ARC/outputs/real_video_protocol_pilot_v1/frame_scores_adapter_ready.csv --output-dir /qiuyeqing/llama_prl/G-ARC/outputs/ours_vs_baselines_realcartest_v1/baseline_outputs/SUPG_RT_confirmed_only_b5_s4 --reference-segments /qiuyeqing/llama_prl/G-ARC/outputs/real_video_protocol_pilot_v1/reference_segments_adapter_ready.csv --budget 5 --seed 4 --run-id SUPG_RT_confirmed_only_b5_s4 --variant confirmed-only
baseline,SUPG-RT-confirmed-only,10,0,,outputs/ours_vs_baselines_realcartest_v1/baseline_outputs/SUPG_RT_confirmed_only_b10_s0,PASS,,python /qiuyeqing/llama_prl/G-ARC/refe_repos/adapter/supg_baseline/run.py --input /qiuyeqing/llama_prl/G-ARC/outputs/real_video_protocol_pilot_v1/frame_scores_adapter_ready.csv --output-dir /qiuyeqing/llama_prl/G-ARC/outputs/ours_vs_baselines_realcartest_v1/baseline_outputs/SUPG_RT_confirmed_only_b10_s0 --reference-segments /qiuyeqing/llama_prl/G-ARC/outputs/real_video_protocol_pilot_v1/reference_segments_adapter_ready.csv --budget 10 --seed 0 --run-id SUPG_RT_confirmed_only_b10_s0 --variant confirmed-only
baseline,SUPG-RT-confirmed-only,10,1,,outputs/ours_vs_baselines_realcartest_v1/baseline_outputs/SUPG_RT_confirmed_only_b10_s1,PASS,,python /qiuyeqing/llama_prl/G-ARC/refe_repos/adapter/supg_baseline/run.py --input /qiuyeqing/llama_prl/G-ARC/outputs/real_video_protocol_pilot_v1/frame_scores_adapter_ready.csv --output-dir /qiuyeqing/llama_prl/G-ARC/outputs/ours_vs_baselines_realcartest_v1/baseline_outputs/SUPG_RT_confirmed_only_b10_s1 --reference-segments /qiuyeqing/llama_prl/G-ARC/outputs/real_video_protocol_pilot_v1/reference_segments_adapter_ready.csv --budget 10 --seed 1 --run-id SUPG_RT_confirmed_only_b10_s1 --variant confirmed-only
baseline,SUPG-RT-confirmed-only,10,2,,outputs/ours_vs_baselines_realcartest_v1/baseline_outputs/SUPG_RT_confirmed_only_b10_s2,PASS,,python /qiuyeqing/llama_prl/G-ARC/refe_repos/adapter/supg_baseline/run.py --input /qiuyeqing/llama_prl/G-ARC/outputs/real_video_protocol_pilot_v1/frame_scores_adapter_ready.csv --output-dir /qiuyeqing/llama_prl/G-ARC/outputs/ours_vs_baselines_realcartest_v1/baseline_outputs/SUPG_RT_confirmed_only_b10_s2 --reference-segments /qiuyeqing/llama_prl/G-ARC/outputs/real_video_protocol_pilot_v1/reference_segments_adapter_ready.csv --budget 10 --seed 2 --run-id SUPG_RT_confirmed_only_b10_s2 --variant confirmed-only
baseline,SUPG-RT-confirmed-only,10,3,,outputs/ours_vs_baselines_realcartest_v1/baseline_outputs/SUPG_RT_confirmed_only_b10_s3,PASS,,python /qiuyeqing/llama_prl/G-ARC/refe_repos/adapter/supg_baseline/run.py --input /qiuyeqing/llama_prl/G-ARC/outputs/real_video_protocol_pilot_v1/frame_scores_adapter_ready.csv --output-dir /qiuyeqing/llama_prl/G-ARC/outputs/ours_vs_baselines_realcartest_v1/baseline_outputs/SUPG_RT_confirmed_only_b10_s3 --reference-segments /qiuyeqing/llama_prl/G-ARC/outputs/real_video_protocol_pilot_v1/reference_segments_adapter_ready.csv --budget 10 --seed 3 --run-id SUPG_RT_confirmed_only_b10_s3 --variant confirmed-only
baseline,SUPG-RT-confirmed-only,10,4,,outputs/ours_vs_baselines_realcartest_v1/baseline_outputs/SUPG_RT_confirmed_only_b10_s4,PASS,,python /qiuyeqing/llama_prl/G-ARC/refe_repos/adapter/supg_baseline/run.py --input /qiuyeqing/llama_prl/G-ARC/outputs/real_video_protocol_pilot_v1/frame_scores_adapter_ready.csv --output-dir /qiuyeqing/llama_prl/G-ARC/outputs/ours_vs_baselines_realcartest_v1/baseline_outputs/SUPG_RT_confirmed_only_b10_s4 --reference-segments /qiuyeqing/llama_prl/G-ARC/outputs/real_video_protocol_pilot_v1/reference_segments_adapter_ready.csv --budget 10 --seed 4 --run-id SUPG_RT_confirmed_only_b10_s4 --variant confirmed-only
baseline,SUPG-RT-confirmed-only,20,0,,outputs/ours_vs_baselines_realcartest_v1/baseline_outputs/SUPG_RT_confirmed_only_b20_s0,PASS,,python /qiuyeqing/llama_prl/G-ARC/refe_repos/adapter/supg_baseline/run.py --input /qiuyeqing/llama_prl/G-ARC/outputs/real_video_protocol_pilot_v1/frame_scores_adapter_ready.csv --output-dir /qiuyeqing/llama_prl/G-ARC/outputs/ours_vs_baselines_realcartest_v1/baseline_outputs/SUPG_RT_confirmed_only_b20_s0 --reference-segments /qiuyeqing/llama_prl/G-ARC/outputs/real_video_protocol_pilot_v1/reference_segments_adapter_ready.csv --budget 20 --seed 0 --run-id SUPG_RT_confirmed_only_b20_s0 --variant confirmed-only
baseline,SUPG-RT-confirmed-only,20,1,,outputs/ours_vs_baselines_realcartest_v1/baseline_outputs/SUPG_RT_confirmed_only_b20_s1,PASS,,python /qiuyeqing/llama_prl/G-ARC/refe_repos/adapter/supg_baseline/run.py --input /qiuyeqing/llama_prl/G-ARC/outputs/real_video_protocol_pilot_v1/frame_scores_adapter_ready.csv --output-dir /qiuyeqing/llama_prl/G-ARC/outputs/ours_vs_baselines_realcartest_v1/baseline_outputs/SUPG_RT_confirmed_only_b20_s1 --reference-segments /qiuyeqing/llama_prl/G-ARC/outputs/real_video_protocol_pilot_v1/reference_segments_adapter_ready.csv --budget 20 --seed 1 --run-id SUPG_RT_confirmed_only_b20_s1 --variant confirmed-only
baseline,SUPG-RT-confirmed-only,20,2,,outputs/ours_vs_baselines_realcartest_v1/baseline_outputs/SUPG_RT_confirmed_only_b20_s2,PASS,,python /qiuyeqing/llama_prl/G-ARC/refe_repos/adapter/supg_baseline/run.py --input /qiuyeqing/llama_prl/G-ARC/outputs/real_video_protocol_pilot_v1/frame_scores_adapter_ready.csv --output-dir /qiuyeqing/llama_prl/G-ARC/outputs/ours_vs_baselines_realcartest_v1/baseline_outputs/SUPG_RT_confirmed_only_b20_s2 --reference-segments /qiuyeqing/llama_prl/G-ARC/outputs/real_video_protocol_pilot_v1/reference_segments_adapter_ready.csv --budget 20 --seed 2 --run-id SUPG_RT_confirmed_only_b20_s2 --variant confirmed-only
baseline,SUPG-RT-confirmed-only,20,3,,outputs/ours_vs_baselines_realcartest_v1/baseline_outputs/SUPG_RT_confirmed_only_b20_s3,PASS,,python /qiuyeqing/llama_prl/G-ARC/refe_repos/adapter/supg_baseline/run.py --input /qiuyeqing/llama_prl/G-ARC/outputs/real_video_protocol_pilot_v1/frame_scores_adapter_ready.csv --output-dir /qiuyeqing/llama_prl/G-ARC/outputs/ours_vs_baselines_realcartest_v1/baseline_outputs/SUPG_RT_confirmed_only_b20_s3 --reference-segments /qiuyeqing/llama_prl/G-ARC/outputs/real_video_protocol_pilot_v1/reference_segments_adapter_ready.csv --budget 20 --seed 3 --run-id SUPG_RT_confirmed_only_b20_s3 --variant confirmed-only
baseline,SUPG-RT-confirmed-only,20,4,,outputs/ours_vs_baselines_realcartest_v1/baseline_outputs/SUPG_RT_confirmed_only_b20_s4,PASS,,python /qiuyeqing/llama_prl/G-ARC/refe_repos/adapter/supg_baseline/run.py --input /qiuyeqing/llama_prl/G-ARC/outputs/real_video_protocol_pilot_v1/frame_scores_adapter_ready.csv --output-dir /qiuyeqing/llama_prl/G-ARC/outputs/ours_vs_baselines_realcartest_v1/baseline_outputs/SUPG_RT_confirmed_only_b20_s4 --reference-segments /qiuyeqing/llama_prl/G-ARC/outputs/real_video_protocol_pilot_v1/reference_segments_adapter_ready.csv --budget 20 --seed 4 --run-id SUPG_RT_confirmed_only_b20_s4 --variant confirmed-only
baseline,SUPG-RT-confirmed-only,30,0,,outputs/ours_vs_baselines_realcartest_v1/baseline_outputs/SUPG_RT_confirmed_only_b30_s0,PASS,,python /qiuyeqing/llama_prl/G-ARC/refe_repos/adapter/supg_baseline/run.py --input /qiuyeqing/llama_prl/G-ARC/outputs/real_video_protocol_pilot_v1/frame_scores_adapter_ready.csv --output-dir /qiuyeqing/llama_prl/G-ARC/outputs/ours_vs_baselines_realcartest_v1/baseline_outputs/SUPG_RT_confirmed_only_b30_s0 --reference-segments /qiuyeqing/llama_prl/G-ARC/outputs/real_video_protocol_pilot_v1/reference_segments_adapter_ready.csv --budget 30 --seed 0 --run-id SUPG_RT_confirmed_only_b30_s0 --variant confirmed-only
baseline,SUPG-RT-confirmed-only,30,1,,outputs/ours_vs_baselines_realcartest_v1/baseline_outputs/SUPG_RT_confirmed_only_b30_s1,PASS,,python /qiuyeqing/llama_prl/G-ARC/refe_repos/adapter/supg_baseline/run.py --input /qiuyeqing/llama_prl/G-ARC/outputs/real_video_protocol_pilot_v1/frame_scores_adapter_ready.csv --output-dir /qiuyeqing/llama_prl/G-ARC/outputs/ours_vs_baselines_realcartest_v1/baseline_outputs/SUPG_RT_confirmed_only_b30_s1 --reference-segments /qiuyeqing/llama_prl/G-ARC/outputs/real_video_protocol_pilot_v1/reference_segments_adapter_ready.csv --budget 30 --seed 1 --run-id SUPG_RT_confirmed_only_b30_s1 --variant confirmed-only
baseline,SUPG-RT-confirmed-only,30,2,,outputs/ours_vs_baselines_realcartest_v1/baseline_outputs/SUPG_RT_confirmed_only_b30_s2,PASS,,python /qiuyeqing/llama_prl/G-ARC/refe_repos/adapter/supg_baseline/run.py --input /qiuyeqing/llama_prl/G-ARC/outputs/real_video_protocol_pilot_v1/frame_scores_adapter_ready.csv --output-dir /qiuyeqing/llama_prl/G-ARC/outputs/ours_vs_baselines_realcartest_v1/baseline_outputs/SUPG_RT_confirmed_only_b30_s2 --reference-segments /qiuyeqing/llama_prl/G-ARC/outputs/real_video_protocol_pilot_v1/reference_segments_adapter_ready.csv --budget 30 --seed 2 --run-id SUPG_RT_confirmed_only_b30_s2 --variant confirmed-only
baseline,SUPG-RT-confirmed-only,30,3,,outputs/ours_vs_baselines_realcartest_v1/baseline_outputs/SUPG_RT_confirmed_only_b30_s3,PASS,,python /qiuyeqing/llama_prl/G-ARC/refe_repos/adapter/supg_baseline/run.py --input /qiuyeqing/llama_prl/G-ARC/outputs/real_video_protocol_pilot_v1/frame_scores_adapter_ready.csv --output-dir /qiuyeqing/llama_prl/G-ARC/outputs/ours_vs_baselines_realcartest_v1/baseline_outputs/SUPG_RT_confirmed_only_b30_s3 --reference-segments /qiuyeqing/llama_prl/G-ARC/outputs/real_video_protocol_pilot_v1/reference_segments_adapter_ready.csv --budget 30 --seed 3 --run-id SUPG_RT_confirmed_only_b30_s3 --variant confirmed-only
baseline,SUPG-RT-confirmed-only,30,4,,outputs/ours_vs_baselines_realcartest_v1/baseline_outputs/SUPG_RT_confirmed_only_b30_s4,PASS,,python /qiuyeqing/llama_prl/G-ARC/refe_repos/adapter/supg_baseline/run.py --input /qiuyeqing/llama_prl/G-ARC/outputs/real_video_protocol_pilot_v1/frame_scores_adapter_ready.csv --output-dir /qiuyeqing/llama_prl/G-ARC/outputs/ours_vs_baselines_realcartest_v1/baseline_outputs/SUPG_RT_confirmed_only_b30_s4 --reference-segments /qiuyeqing/llama_prl/G-ARC/outputs/real_video_protocol_pilot_v1/reference_segments_adapter_ready.csv --budget 30 --seed 4 --run-id SUPG_RT_confirmed_only_b30_s4 --variant confirmed-only
baseline,SUPG-RT-confirmed-only,40,0,,outputs/ours_vs_baselines_realcartest_v1/baseline_outputs/SUPG_RT_confirmed_only_b40_s0,PASS,,python /qiuyeqing/llama_prl/G-ARC/refe_repos/adapter/supg_baseline/run.py --input /qiuyeqing/llama_prl/G-ARC/outputs/real_video_protocol_pilot_v1/frame_scores_adapter_ready.csv --output-dir /qiuyeqing/llama_prl/G-ARC/outputs/ours_vs_baselines_realcartest_v1/baseline_outputs/SUPG_RT_confirmed_only_b40_s0 --reference-segments /qiuyeqing/llama_prl/G-ARC/outputs/real_video_protocol_pilot_v1/reference_segments_adapter_ready.csv --budget 40 --seed 0 --run-id SUPG_RT_confirmed_only_b40_s0 --variant confirmed-only
baseline,SUPG-RT-confirmed-only,40,1,,outputs/ours_vs_baselines_realcartest_v1/baseline_outputs/SUPG_RT_confirmed_only_b40_s1,PASS,,python /qiuyeqing/llama_prl/G-ARC/refe_repos/adapter/supg_baseline/run.py --input /qiuyeqing/llama_prl/G-ARC/outputs/real_video_protocol_pilot_v1/frame_scores_adapter_ready.csv --output-dir /qiuyeqing/llama_prl/G-ARC/outputs/ours_vs_baselines_realcartest_v1/baseline_outputs/SUPG_RT_confirmed_only_b40_s1 --reference-segments /qiuyeqing/llama_prl/G-ARC/outputs/real_video_protocol_pilot_v1/reference_segments_adapter_ready.csv --budget 40 --seed 1 --run-id SUPG_RT_confirmed_only_b40_s1 --variant confirmed-only
baseline,SUPG-RT-confirmed-only,40,2,,outputs/ours_vs_baselines_realcartest_v1/baseline_outputs/SUPG_RT_confirmed_only_b40_s2,PASS,,python /qiuyeqing/llama_prl/G-ARC/refe_repos/adapter/supg_baseline/run.py --input /qiuyeqing/llama_prl/G-ARC/outputs/real_video_protocol_pilot_v1/frame_scores_adapter_ready.csv --output-dir /qiuyeqing/llama_prl/G-ARC/outputs/ours_vs_baselines_realcartest_v1/baseline_outputs/SUPG_RT_confirmed_only_b40_s2 --reference-segments /qiuyeqing/llama_prl/G-ARC/outputs/real_video_protocol_pilot_v1/reference_segments_adapter_ready.csv --budget 40 --seed 2 --run-id SUPG_RT_confirmed_only_b40_s2 --variant confirmed-only
baseline,SUPG-RT-confirmed-only,40,3,,outputs/ours_vs_baselines_realcartest_v1/baseline_outputs/SUPG_RT_confirmed_only_b40_s3,PASS,,python /qiuyeqing/llama_prl/G-ARC/refe_repos/adapter/supg_baseline/run.py --input /qiuyeqing/llama_prl/G-ARC/outputs/real_video_protocol_pilot_v1/frame_scores_adapter_ready.csv --output-dir /qiuyeqing/llama_prl/G-ARC/outputs/ours_vs_baselines_realcartest_v1/baseline_outputs/SUPG_RT_confirmed_only_b40_s3 --reference-segments /qiuyeqing/llama_prl/G-ARC/outputs/real_video_protocol_pilot_v1/reference_segments_adapter_ready.csv --budget 40 --seed 3 --run-id SUPG_RT_confirmed_only_b40_s3 --variant confirmed-only
baseline,SUPG-RT-confirmed-only,40,4,,outputs/ours_vs_baselines_realcartest_v1/baseline_outputs/SUPG_RT_confirmed_only_b40_s4,PASS,,python /qiuyeqing/llama_prl/G-ARC/refe_repos/adapter/supg_baseline/run.py --input /qiuyeqing/llama_prl/G-ARC/outputs/real_video_protocol_pilot_v1/frame_scores_adapter_ready.csv --output-dir /qiuyeqing/llama_prl/G-ARC/outputs/ours_vs_baselines_realcartest_v1/baseline_outputs/SUPG_RT_confirmed_only_b40_s4 --reference-segments /qiuyeqing/llama_prl/G-ARC/outputs/real_video_protocol_pilot_v1/reference_segments_adapter_ready.csv --budget 40 --seed 4 --run-id SUPG_RT_confirmed_only_b40_s4 --variant confirmed-only
baseline,SUPG-RT-confirmed-only,50,0,,outputs/ours_vs_baselines_realcartest_v1/baseline_outputs/SUPG_RT_confirmed_only_b50_s0,PASS,,python /qiuyeqing/llama_prl/G-ARC/refe_repos/adapter/supg_baseline/run.py --input /qiuyeqing/llama_prl/G-ARC/outputs/real_video_protocol_pilot_v1/frame_scores_adapter_ready.csv --output-dir /qiuyeqing/llama_prl/G-ARC/outputs/ours_vs_baselines_realcartest_v1/baseline_outputs/SUPG_RT_confirmed_only_b50_s0 --reference-segments /qiuyeqing/llama_prl/G-ARC/outputs/real_video_protocol_pilot_v1/reference_segments_adapter_ready.csv --budget 50 --seed 0 --run-id SUPG_RT_confirmed_only_b50_s0 --variant confirmed-only
baseline,SUPG-RT-confirmed-only,50,1,,outputs/ours_vs_baselines_realcartest_v1/baseline_outputs/SUPG_RT_confirmed_only_b50_s1,PASS,,python /qiuyeqing/llama_prl/G-ARC/refe_repos/adapter/supg_baseline/run.py --input /qiuyeqing/llama_prl/G-ARC/outputs/real_video_protocol_pilot_v1/frame_scores_adapter_ready.csv --output-dir /qiuyeqing/llama_prl/G-ARC/outputs/ours_vs_baselines_realcartest_v1/baseline_outputs/SUPG_RT_confirmed_only_b50_s1 --reference-segments /qiuyeqing/llama_prl/G-ARC/outputs/real_video_protocol_pilot_v1/reference_segments_adapter_ready.csv --budget 50 --seed 1 --run-id SUPG_RT_confirmed_only_b50_s1 --variant confirmed-only
baseline,SUPG-RT-confirmed-only,50,2,,outputs/ours_vs_baselines_realcartest_v1/baseline_outputs/SUPG_RT_confirmed_only_b50_s2,PASS,,python /qiuyeqing/llama_prl/G-ARC/refe_repos/adapter/supg_baseline/run.py --input /qiuyeqing/llama_prl/G-ARC/outputs/real_video_protocol_pilot_v1/frame_scores_adapter_ready.csv --output-dir /qiuyeqing/llama_prl/G-ARC/outputs/ours_vs_baselines_realcartest_v1/baseline_outputs/SUPG_RT_confirmed_only_b50_s2 --reference-segments /qiuyeqing/llama_prl/G-ARC/outputs/real_video_protocol_pilot_v1/reference_segments_adapter_ready.csv --budget 50 --seed 2 --run-id SUPG_RT_confirmed_only_b50_s2 --variant confirmed-only
baseline,SUPG-RT-confirmed-only,50,3,,outputs/ours_vs_baselines_realcartest_v1/baseline_outputs/SUPG_RT_confirmed_only_b50_s3,PASS,,python /qiuyeqing/llama_prl/G-ARC/refe_repos/adapter/supg_baseline/run.py --input /qiuyeqing/llama_prl/G-ARC/outputs/real_video_protocol_pilot_v1/frame_scores_adapter_ready.csv --output-dir /qiuyeqing/llama_prl/G-ARC/outputs/ours_vs_baselines_realcartest_v1/baseline_outputs/SUPG_RT_confirmed_only_b50_s3 --reference-segments /qiuyeqing/llama_prl/G-ARC/outputs/real_video_protocol_pilot_v1/reference_segments_adapter_ready.csv --budget 50 --seed 3 --run-id SUPG_RT_confirmed_only_b50_s3 --variant confirmed-only
baseline,SUPG-RT-confirmed-only,50,4,,outputs/ours_vs_baselines_realcartest_v1/baseline_outputs/SUPG_RT_confirmed_only_b50_s4,PASS,,python /qiuyeqing/llama_prl/G-ARC/refe_repos/adapter/supg_baseline/run.py --input /qiuyeqing/llama_prl/G-ARC/outputs/real_video_protocol_pilot_v1/frame_scores_adapter_ready.csv --output-dir /qiuyeqing/llama_prl/G-ARC/outputs/ours_vs_baselines_realcartest_v1/baseline_outputs/SUPG_RT_confirmed_only_b50_s4 --reference-segments /qiuyeqing/llama_prl/G-ARC/outputs/real_video_protocol_pilot_v1/reference_segments_adapter_ready.csv --budget 50 --seed 4 --run-id SUPG_RT_confirmed_only_b50_s4 --variant confirmed-only
baseline,SUPG-RT-confirmed-only,80,0,,outputs/ours_vs_baselines_realcartest_v1/baseline_outputs/SUPG_RT_confirmed_only_b80_s0,PASS,,python /qiuyeqing/llama_prl/G-ARC/refe_repos/adapter/supg_baseline/run.py --input /qiuyeqing/llama_prl/G-ARC/outputs/real_video_protocol_pilot_v1/frame_scores_adapter_ready.csv --output-dir /qiuyeqing/llama_prl/G-ARC/outputs/ours_vs_baselines_realcartest_v1/baseline_outputs/SUPG_RT_confirmed_only_b80_s0 --reference-segments /qiuyeqing/llama_prl/G-ARC/outputs/real_video_protocol_pilot_v1/reference_segments_adapter_ready.csv --budget 80 --seed 0 --run-id SUPG_RT_confirmed_only_b80_s0 --variant confirmed-only
baseline,SUPG-RT-confirmed-only,80,1,,outputs/ours_vs_baselines_realcartest_v1/baseline_outputs/SUPG_RT_confirmed_only_b80_s1,PASS,,python /qiuyeqing/llama_prl/G-ARC/refe_repos/adapter/supg_baseline/run.py --input /qiuyeqing/llama_prl/G-ARC/outputs/real_video_protocol_pilot_v1/frame_scores_adapter_ready.csv --output-dir /qiuyeqing/llama_prl/G-ARC/outputs/ours_vs_baselines_realcartest_v1/baseline_outputs/SUPG_RT_confirmed_only_b80_s1 --reference-segments /qiuyeqing/llama_prl/G-ARC/outputs/real_video_protocol_pilot_v1/reference_segments_adapter_ready.csv --budget 80 --seed 1 --run-id SUPG_RT_confirmed_only_b80_s1 --variant confirmed-only
baseline,SUPG-RT-confirmed-only,80,2,,outputs/ours_vs_baselines_realcartest_v1/baseline_outputs/SUPG_RT_confirmed_only_b80_s2,PASS,,python /qiuyeqing/llama_prl/G-ARC/refe_repos/adapter/supg_baseline/run.py --input /qiuyeqing/llama_prl/G-ARC/outputs/real_video_protocol_pilot_v1/frame_scores_adapter_ready.csv --output-dir /qiuyeqing/llama_prl/G-ARC/outputs/ours_vs_baselines_realcartest_v1/baseline_outputs/SUPG_RT_confirmed_only_b80_s2 --reference-segments /qiuyeqing/llama_prl/G-ARC/outputs/real_video_protocol_pilot_v1/reference_segments_adapter_ready.csv --budget 80 --seed 2 --run-id SUPG_RT_confirmed_only_b80_s2 --variant confirmed-only
baseline,SUPG-RT-confirmed-only,80,3,,outputs/ours_vs_baselines_realcartest_v1/baseline_outputs/SUPG_RT_confirmed_only_b80_s3,PASS,,python /qiuyeqing/llama_prl/G-ARC/refe_repos/adapter/supg_baseline/run.py --input /qiuyeqing/llama_prl/G-ARC/outputs/real_video_protocol_pilot_v1/frame_scores_adapter_ready.csv --output-dir /qiuyeqing/llama_prl/G-ARC/outputs/ours_vs_baselines_realcartest_v1/baseline_outputs/SUPG_RT_confirmed_only_b80_s3 --reference-segments /qiuyeqing/llama_prl/G-ARC/outputs/real_video_protocol_pilot_v1/reference_segments_adapter_ready.csv --budget 80 --seed 3 --run-id SUPG_RT_confirmed_only_b80_s3 --variant confirmed-only
baseline,SUPG-RT-confirmed-only,80,4,,outputs/ours_vs_baselines_realcartest_v1/baseline_outputs/SUPG_RT_confirmed_only_b80_s4,PASS,,python /qiuyeqing/llama_prl/G-ARC/refe_repos/adapter/supg_baseline/run.py --input /qiuyeqing/llama_prl/G-ARC/outputs/real_video_protocol_pilot_v1/frame_scores_adapter_ready.csv --output-dir /qiuyeqing/llama_prl/G-ARC/outputs/ours_vs_baselines_realcartest_v1/baseline_outputs/SUPG_RT_confirmed_only_b80_s4 --reference-segments /qiuyeqing/llama_prl/G-ARC/outputs/real_video_protocol_pilot_v1/reference_segments_adapter_ready.csv --budget 80 --seed 4 --run-id SUPG_RT_confirmed_only_b80_s4 --variant confirmed-only
baseline,SUPG-RT-confirmed-only,100,0,,outputs/ours_vs_baselines_realcartest_v1/baseline_outputs/SUPG_RT_confirmed_only_b100_s0,PASS,,python /qiuyeqing/llama_prl/G-ARC/refe_repos/adapter/supg_baseline/run.py --input /qiuyeqing/llama_prl/G-ARC/outputs/real_video_protocol_pilot_v1/frame_scores_adapter_ready.csv --output-dir /qiuyeqing/llama_prl/G-ARC/outputs/ours_vs_baselines_realcartest_v1/baseline_outputs/SUPG_RT_confirmed_only_b100_s0 --reference-segments /qiuyeqing/llama_prl/G-ARC/outputs/real_video_protocol_pilot_v1/reference_segments_adapter_ready.csv --budget 100 --seed 0 --run-id SUPG_RT_confirmed_only_b100_s0 --variant confirmed-only
baseline,SUPG-RT-confirmed-only,100,1,,outputs/ours_vs_baselines_realcartest_v1/baseline_outputs/SUPG_RT_confirmed_only_b100_s1,PASS,,python /qiuyeqing/llama_prl/G-ARC/refe_repos/adapter/supg_baseline/run.py --input /qiuyeqing/llama_prl/G-ARC/outputs/real_video_protocol_pilot_v1/frame_scores_adapter_ready.csv --output-dir /qiuyeqing/llama_prl/G-ARC/outputs/ours_vs_baselines_realcartest_v1/baseline_outputs/SUPG_RT_confirmed_only_b100_s1 --reference-segments /qiuyeqing/llama_prl/G-ARC/outputs/real_video_protocol_pilot_v1/reference_segments_adapter_ready.csv --budget 100 --seed 1 --run-id SUPG_RT_confirmed_only_b100_s1 --variant confirmed-only
baseline,SUPG-RT-confirmed-only,100,2,,outputs/ours_vs_baselines_realcartest_v1/baseline_outputs/SUPG_RT_confirmed_only_b100_s2,PASS,,python /qiuyeqing/llama_prl/G-ARC/refe_repos/adapter/supg_baseline/run.py --input /qiuyeqing/llama_prl/G-ARC/outputs/real_video_protocol_pilot_v1/frame_scores_adapter_ready.csv --output-dir /qiuyeqing/llama_prl/G-ARC/outputs/ours_vs_baselines_realcartest_v1/baseline_outputs/SUPG_RT_confirmed_only_b100_s2 --reference-segments /qiuyeqing/llama_prl/G-ARC/outputs/real_video_protocol_pilot_v1/reference_segments_adapter_ready.csv --budget 100 --seed 2 --run-id SUPG_RT_confirmed_only_b100_s2 --variant confirmed-only
baseline,SUPG-RT-confirmed-only,100,3,,outputs/ours_vs_baselines_realcartest_v1/baseline_outputs/SUPG_RT_confirmed_only_b100_s3,PASS,,python /qiuyeqing/llama_prl/G-ARC/refe_repos/adapter/supg_baseline/run.py --input /qiuyeqing/llama_prl/G-ARC/outputs/real_video_protocol_pilot_v1/frame_scores_adapter_ready.csv --output-dir /qiuyeqing/llama_prl/G-ARC/outputs/ours_vs_baselines_realcartest_v1/baseline_outputs/SUPG_RT_confirmed_only_b100_s3 --reference-segments /qiuyeqing/llama_prl/G-ARC/outputs/real_video_protocol_pilot_v1/reference_segments_adapter_ready.csv --budget 100 --seed 3 --run-id SUPG_RT_confirmed_only_b100_s3 --variant confirmed-only
baseline,SUPG-RT-confirmed-only,100,4,,outputs/ours_vs_baselines_realcartest_v1/baseline_outputs/SUPG_RT_confirmed_only_b100_s4,PASS,,python /qiuyeqing/llama_prl/G-ARC/refe_repos/adapter/supg_baseline/run.py --input /qiuyeqing/llama_prl/G-ARC/outputs/real_video_protocol_pilot_v1/frame_scores_adapter_ready.csv --output-dir /qiuyeqing/llama_prl/G-ARC/outputs/ours_vs_baselines_realcartest_v1/baseline_outputs/SUPG_RT_confirmed_only_b100_s4 --reference-segments /qiuyeqing/llama_prl/G-ARC/outputs/real_video_protocol_pilot_v1/reference_segments_adapter_ready.csv --budget 100 --seed 4 --run-id SUPG_RT_confirmed_only_b100_s4 --variant confirmed-only
baseline,ABae-stratified-confirmed,5,0,,outputs/ours_vs_baselines_realcartest_v1/baseline_outputs/ABae_stratified_confirmed_b5_s0,PASS,,python /qiuyeqing/llama_prl/G-ARC/refe_repos/adapter/abae_baseline/run.py --input /qiuyeqing/llama_prl/G-ARC/outputs/real_video_protocol_pilot_v1/frame_scores_adapter_ready.csv --output-dir /qiuyeqing/llama_prl/G-ARC/outputs/ours_vs_baselines_realcartest_v1/baseline_outputs/ABae_stratified_confirmed_b5_s0 --reference-segments /qiuyeqing/llama_prl/G-ARC/outputs/real_video_protocol_pilot_v1/reference_segments_adapter_ready.csv --budget 5 --seed 0 --run-id ABae_stratified_confirmed_b5_s0
baseline,ABae-stratified-confirmed,5,1,,outputs/ours_vs_baselines_realcartest_v1/baseline_outputs/ABae_stratified_confirmed_b5_s1,PASS,,python /qiuyeqing/llama_prl/G-ARC/refe_repos/adapter/abae_baseline/run.py --input /qiuyeqing/llama_prl/G-ARC/outputs/real_video_protocol_pilot_v1/frame_scores_adapter_ready.csv --output-dir /qiuyeqing/llama_prl/G-ARC/outputs/ours_vs_baselines_realcartest_v1/baseline_outputs/ABae_stratified_confirmed_b5_s1 --reference-segments /qiuyeqing/llama_prl/G-ARC/outputs/real_video_protocol_pilot_v1/reference_segments_adapter_ready.csv --budget 5 --seed 1 --run-id ABae_stratified_confirmed_b5_s1
baseline,ABae-stratified-confirmed,5,2,,outputs/ours_vs_baselines_realcartest_v1/baseline_outputs/ABae_stratified_confirmed_b5_s2,PASS,,python /qiuyeqing/llama_prl/G-ARC/refe_repos/adapter/abae_baseline/run.py --input /qiuyeqing/llama_prl/G-ARC/outputs/real_video_protocol_pilot_v1/frame_scores_adapter_ready.csv --output-dir /qiuyeqing/llama_prl/G-ARC/outputs/ours_vs_baselines_realcartest_v1/baseline_outputs/ABae_stratified_confirmed_b5_s2 --reference-segments /qiuyeqing/llama_prl/G-ARC/outputs/real_video_protocol_pilot_v1/reference_segments_adapter_ready.csv --budget 5 --seed 2 --run-id ABae_stratified_confirmed_b5_s2
baseline,ABae-stratified-confirmed,5,3,,outputs/ours_vs_baselines_realcartest_v1/baseline_outputs/ABae_stratified_confirmed_b5_s3,PASS,,python /qiuyeqing/llama_prl/G-ARC/refe_repos/adapter/abae_baseline/run.py --input /qiuyeqing/llama_prl/G-ARC/outputs/real_video_protocol_pilot_v1/frame_scores_adapter_ready.csv --output-dir /qiuyeqing/llama_prl/G-ARC/outputs/ours_vs_baselines_realcartest_v1/baseline_outputs/ABae_stratified_confirmed_b5_s3 --reference-segments /qiuyeqing/llama_prl/G-ARC/outputs/real_video_protocol_pilot_v1/reference_segments_adapter_ready.csv --budget 5 --seed 3 --run-id ABae_stratified_confirmed_b5_s3
baseline,ABae-stratified-confirmed,5,4,,outputs/ours_vs_baselines_realcartest_v1/baseline_outputs/ABae_stratified_confirmed_b5_s4,PASS,,python /qiuyeqing/llama_prl/G-ARC/refe_repos/adapter/abae_baseline/run.py --input /qiuyeqing/llama_prl/G-ARC/outputs/real_video_protocol_pilot_v1/frame_scores_adapter_ready.csv --output-dir /qiuyeqing/llama_prl/G-ARC/outputs/ours_vs_baselines_realcartest_v1/baseline_outputs/ABae_stratified_confirmed_b5_s4 --reference-segments /qiuyeqing/llama_prl/G-ARC/outputs/real_video_protocol_pilot_v1/reference_segments_adapter_ready.csv --budget 5 --seed 4 --run-id ABae_stratified_confirmed_b5_s4
baseline,ABae-stratified-confirmed,10,0,,outputs/ours_vs_baselines_realcartest_v1/baseline_outputs/ABae_stratified_confirmed_b10_s0,PASS,,python /qiuyeqing/llama_prl/G-ARC/refe_repos/adapter/abae_baseline/run.py --input /qiuyeqing/llama_prl/G-ARC/outputs/real_video_protocol_pilot_v1/frame_scores_adapter_ready.csv --output-dir /qiuyeqing/llama_prl/G-ARC/outputs/ours_vs_baselines_realcartest_v1/baseline_outputs/ABae_stratified_confirmed_b10_s0 --reference-segments /qiuyeqing/llama_prl/G-ARC/outputs/real_video_protocol_pilot_v1/reference_segments_adapter_ready.csv --budget 10 --seed 0 --run-id ABae_stratified_confirmed_b10_s0
baseline,ABae-stratified-confirmed,10,1,,outputs/ours_vs_baselines_realcartest_v1/baseline_outputs/ABae_stratified_confirmed_b10_s1,PASS,,python /qiuyeqing/llama_prl/G-ARC/refe_repos/adapter/abae_baseline/run.py --input /qiuyeqing/llama_prl/G-ARC/outputs/real_video_protocol_pilot_v1/frame_scores_adapter_ready.csv --output-dir /qiuyeqing/llama_prl/G-ARC/outputs/ours_vs_baselines_realcartest_v1/baseline_outputs/ABae_stratified_confirmed_b10_s1 --reference-segments /qiuyeqing/llama_prl/G-ARC/outputs/real_video_protocol_pilot_v1/reference_segments_adapter_ready.csv --budget 10 --seed 1 --run-id ABae_stratified_confirmed_b10_s1
baseline,ABae-stratified-confirmed,10,2,,outputs/ours_vs_baselines_realcartest_v1/baseline_outputs/ABae_stratified_confirmed_b10_s2,PASS,,python /qiuyeqing/llama_prl/G-ARC/refe_repos/adapter/abae_baseline/run.py --input /qiuyeqing/llama_prl/G-ARC/outputs/real_video_protocol_pilot_v1/frame_scores_adapter_ready.csv --output-dir /qiuyeqing/llama_prl/G-ARC/outputs/ours_vs_baselines_realcartest_v1/baseline_outputs/ABae_stratified_confirmed_b10_s2 --reference-segments /qiuyeqing/llama_prl/G-ARC/outputs/real_video_protocol_pilot_v1/reference_segments_adapter_ready.csv --budget 10 --seed 2 --run-id ABae_stratified_confirmed_b10_s2
baseline,ABae-stratified-confirmed,10,3,,outputs/ours_vs_baselines_realcartest_v1/baseline_outputs/ABae_stratified_confirmed_b10_s3,PASS,,python /qiuyeqing/llama_prl/G-ARC/refe_repos/adapter/abae_baseline/run.py --input /qiuyeqing/llama_prl/G-ARC/outputs/real_video_protocol_pilot_v1/frame_scores_adapter_ready.csv --output-dir /qiuyeqing/llama_prl/G-ARC/outputs/ours_vs_baselines_realcartest_v1/baseline_outputs/ABae_stratified_confirmed_b10_s3 --reference-segments /qiuyeqing/llama_prl/G-ARC/outputs/real_video_protocol_pilot_v1/reference_segments_adapter_ready.csv --budget 10 --seed 3 --run-id ABae_stratified_confirmed_b10_s3
baseline,ABae-stratified-confirmed,10,4,,outputs/ours_vs_baselines_realcartest_v1/baseline_outputs/ABae_stratified_confirmed_b10_s4,PASS,,python /qiuyeqing/llama_prl/G-ARC/refe_repos/adapter/abae_baseline/run.py --input /qiuyeqing/llama_prl/G-ARC/outputs/real_video_protocol_pilot_v1/frame_scores_adapter_ready.csv --output-dir /qiuyeqing/llama_prl/G-ARC/outputs/ours_vs_baselines_realcartest_v1/baseline_outputs/ABae_stratified_confirmed_b10_s4 --reference-segments /qiuyeqing/llama_prl/G-ARC/outputs/real_video_protocol_pilot_v1/reference_segments_adapter_ready.csv --budget 10 --seed 4 --run-id ABae_stratified_confirmed_b10_s4
baseline,ABae-stratified-confirmed,20,0,,outputs/ours_vs_baselines_realcartest_v1/baseline_outputs/ABae_stratified_confirmed_b20_s0,PASS,,python /qiuyeqing/llama_prl/G-ARC/refe_repos/adapter/abae_baseline/run.py --input /qiuyeqing/llama_prl/G-ARC/outputs/real_video_protocol_pilot_v1/frame_scores_adapter_ready.csv --output-dir /qiuyeqing/llama_prl/G-ARC/outputs/ours_vs_baselines_realcartest_v1/baseline_outputs/ABae_stratified_confirmed_b20_s0 --reference-segments /qiuyeqing/llama_prl/G-ARC/outputs/real_video_protocol_pilot_v1/reference_segments_adapter_ready.csv --budget 20 --seed 0 --run-id ABae_stratified_confirmed_b20_s0
baseline,ABae-stratified-confirmed,20,1,,outputs/ours_vs_baselines_realcartest_v1/baseline_outputs/ABae_stratified_confirmed_b20_s1,PASS,,python /qiuyeqing/llama_prl/G-ARC/refe_repos/adapter/abae_baseline/run.py --input /qiuyeqing/llama_prl/G-ARC/outputs/real_video_protocol_pilot_v1/frame_scores_adapter_ready.csv --output-dir /qiuyeqing/llama_prl/G-ARC/outputs/ours_vs_baselines_realcartest_v1/baseline_outputs/ABae_stratified_confirmed_b20_s1 --reference-segments /qiuyeqing/llama_prl/G-ARC/outputs/real_video_protocol_pilot_v1/reference_segments_adapter_ready.csv --budget 20 --seed 1 --run-id ABae_stratified_confirmed_b20_s1
baseline,ABae-stratified-confirmed,20,2,,outputs/ours_vs_baselines_realcartest_v1/baseline_outputs/ABae_stratified_confirmed_b20_s2,PASS,,python /qiuyeqing/llama_prl/G-ARC/refe_repos/adapter/abae_baseline/run.py --input /qiuyeqing/llama_prl/G-ARC/outputs/real_video_protocol_pilot_v1/frame_scores_adapter_ready.csv --output-dir /qiuyeqing/llama_prl/G-ARC/outputs/ours_vs_baselines_realcartest_v1/baseline_outputs/ABae_stratified_confirmed_b20_s2 --reference-segments /qiuyeqing/llama_prl/G-ARC/outputs/real_video_protocol_pilot_v1/reference_segments_adapter_ready.csv --budget 20 --seed 2 --run-id ABae_stratified_confirmed_b20_s2
baseline,ABae-stratified-confirmed,20,3,,outputs/ours_vs_baselines_realcartest_v1/baseline_outputs/ABae_stratified_confirmed_b20_s3,PASS,,python /qiuyeqing/llama_prl/G-ARC/refe_repos/adapter/abae_baseline/run.py --input /qiuyeqing/llama_prl/G-ARC/outputs/real_video_protocol_pilot_v1/frame_scores_adapter_ready.csv --output-dir /qiuyeqing/llama_prl/G-ARC/outputs/ours_vs_baselines_realcartest_v1/baseline_outputs/ABae_stratified_confirmed_b20_s3 --reference-segments /qiuyeqing/llama_prl/G-ARC/outputs/real_video_protocol_pilot_v1/reference_segments_adapter_ready.csv --budget 20 --seed 3 --run-id ABae_stratified_confirmed_b20_s3
baseline,ABae-stratified-confirmed,20,4,,outputs/ours_vs_baselines_realcartest_v1/baseline_outputs/ABae_stratified_confirmed_b20_s4,PASS,,python /qiuyeqing/llama_prl/G-ARC/refe_repos/adapter/abae_baseline/run.py --input /qiuyeqing/llama_prl/G-ARC/outputs/real_video_protocol_pilot_v1/frame_scores_adapter_ready.csv --output-dir /qiuyeqing/llama_prl/G-ARC/outputs/ours_vs_baselines_realcartest_v1/baseline_outputs/ABae_stratified_confirmed_b20_s4 --reference-segments /qiuyeqing/llama_prl/G-ARC/outputs/real_video_protocol_pilot_v1/reference_segments_adapter_ready.csv --budget 20 --seed 4 --run-id ABae_stratified_confirmed_b20_s4
baseline,ABae-stratified-confirmed,30,0,,outputs/ours_vs_baselines_realcartest_v1/baseline_outputs/ABae_stratified_confirmed_b30_s0,PASS,,python /qiuyeqing/llama_prl/G-ARC/refe_repos/adapter/abae_baseline/run.py --input /qiuyeqing/llama_prl/G-ARC/outputs/real_video_protocol_pilot_v1/frame_scores_adapter_ready.csv --output-dir /qiuyeqing/llama_prl/G-ARC/outputs/ours_vs_baselines_realcartest_v1/baseline_outputs/ABae_stratified_confirmed_b30_s0 --reference-segments /qiuyeqing/llama_prl/G-ARC/outputs/real_video_protocol_pilot_v1/reference_segments_adapter_ready.csv --budget 30 --seed 0 --run-id ABae_stratified_confirmed_b30_s0
baseline,ABae-stratified-confirmed,30,1,,outputs/ours_vs_baselines_realcartest_v1/baseline_outputs/ABae_stratified_confirmed_b30_s1,PASS,,python /qiuyeqing/llama_prl/G-ARC/refe_repos/adapter/abae_baseline/run.py --input /qiuyeqing/llama_prl/G-ARC/outputs/real_video_protocol_pilot_v1/frame_scores_adapter_ready.csv --output-dir /qiuyeqing/llama_prl/G-ARC/outputs/ours_vs_baselines_realcartest_v1/baseline_outputs/ABae_stratified_confirmed_b30_s1 --reference-segments /qiuyeqing/llama_prl/G-ARC/outputs/real_video_protocol_pilot_v1/reference_segments_adapter_ready.csv --budget 30 --seed 1 --run-id ABae_stratified_confirmed_b30_s1
baseline,ABae-stratified-confirmed,30,2,,outputs/ours_vs_baselines_realcartest_v1/baseline_outputs/ABae_stratified_confirmed_b30_s2,PASS,,python /qiuyeqing/llama_prl/G-ARC/refe_repos/adapter/abae_baseline/run.py --input /qiuyeqing/llama_prl/G-ARC/outputs/real_video_protocol_pilot_v1/frame_scores_adapter_ready.csv --output-dir /qiuyeqing/llama_prl/G-ARC/outputs/ours_vs_baselines_realcartest_v1/baseline_outputs/ABae_stratified_confirmed_b30_s2 --reference-segments /qiuyeqing/llama_prl/G-ARC/outputs/real_video_protocol_pilot_v1/reference_segments_adapter_ready.csv --budget 30 --seed 2 --run-id ABae_stratified_confirmed_b30_s2
baseline,ABae-stratified-confirmed,30,3,,outputs/ours_vs_baselines_realcartest_v1/baseline_outputs/ABae_stratified_confirmed_b30_s3,PASS,,python /qiuyeqing/llama_prl/G-ARC/refe_repos/adapter/abae_baseline/run.py --input /qiuyeqing/llama_prl/G-ARC/outputs/real_video_protocol_pilot_v1/frame_scores_adapter_ready.csv --output-dir /qiuyeqing/llama_prl/G-ARC/outputs/ours_vs_baselines_realcartest_v1/baseline_outputs/ABae_stratified_confirmed_b30_s3 --reference-segments /qiuyeqing/llama_prl/G-ARC/outputs/real_video_protocol_pilot_v1/reference_segments_adapter_ready.csv --budget 30 --seed 3 --run-id ABae_stratified_confirmed_b30_s3
baseline,ABae-stratified-confirmed,30,4,,outputs/ours_vs_baselines_realcartest_v1/baseline_outputs/ABae_stratified_confirmed_b30_s4,PASS,,python /qiuyeqing/llama_prl/G-ARC/refe_repos/adapter/abae_baseline/run.py --input /qiuyeqing/llama_prl/G-ARC/outputs/real_video_protocol_pilot_v1/frame_scores_adapter_ready.csv --output-dir /qiuyeqing/llama_prl/G-ARC/outputs/ours_vs_baselines_realcartest_v1/baseline_outputs/ABae_stratified_confirmed_b30_s4 --reference-segments /qiuyeqing/llama_prl/G-ARC/outputs/real_video_protocol_pilot_v1/reference_segments_adapter_ready.csv --budget 30 --seed 4 --run-id ABae_stratified_confirmed_b30_s4
baseline,ABae-stratified-confirmed,40,0,,outputs/ours_vs_baselines_realcartest_v1/baseline_outputs/ABae_stratified_confirmed_b40_s0,PASS,,python /qiuyeqing/llama_prl/G-ARC/refe_repos/adapter/abae_baseline/run.py --input /qiuyeqing/llama_prl/G-ARC/outputs/real_video_protocol_pilot_v1/frame_scores_adapter_ready.csv --output-dir /qiuyeqing/llama_prl/G-ARC/outputs/ours_vs_baselines_realcartest_v1/baseline_outputs/ABae_stratified_confirmed_b40_s0 --reference-segments /qiuyeqing/llama_prl/G-ARC/outputs/real_video_protocol_pilot_v1/reference_segments_adapter_ready.csv --budget 40 --seed 0 --run-id ABae_stratified_confirmed_b40_s0
baseline,ABae-stratified-confirmed,40,1,,outputs/ours_vs_baselines_realcartest_v1/baseline_outputs/ABae_stratified_confirmed_b40_s1,PASS,,python /qiuyeqing/llama_prl/G-ARC/refe_repos/adapter/abae_baseline/run.py --input /qiuyeqing/llama_prl/G-ARC/outputs/real_video_protocol_pilot_v1/frame_scores_adapter_ready.csv --output-dir /qiuyeqing/llama_prl/G-ARC/outputs/ours_vs_baselines_realcartest_v1/baseline_outputs/ABae_stratified_confirmed_b40_s1 --reference-segments /qiuyeqing/llama_prl/G-ARC/outputs/real_video_protocol_pilot_v1/reference_segments_adapter_ready.csv --budget 40 --seed 1 --run-id ABae_stratified_confirmed_b40_s1
baseline,ABae-stratified-confirmed,40,2,,outputs/ours_vs_baselines_realcartest_v1/baseline_outputs/ABae_stratified_confirmed_b40_s2,PASS,,python /qiuyeqing/llama_prl/G-ARC/refe_repos/adapter/abae_baseline/run.py --input /qiuyeqing/llama_prl/G-ARC/outputs/real_video_protocol_pilot_v1/frame_scores_adapter_ready.csv --output-dir /qiuyeqing/llama_prl/G-ARC/outputs/ours_vs_baselines_realcartest_v1/baseline_outputs/ABae_stratified_confirmed_b40_s2 --reference-segments /qiuyeqing/llama_prl/G-ARC/outputs/real_video_protocol_pilot_v1/reference_segments_adapter_ready.csv --budget 40 --seed 2 --run-id ABae_stratified_confirmed_b40_s2
baseline,ABae-stratified-confirmed,40,3,,outputs/ours_vs_baselines_realcartest_v1/baseline_outputs/ABae_stratified_confirmed_b40_s3,PASS,,python /qiuyeqing/llama_prl/G-ARC/refe_repos/adapter/abae_baseline/run.py --input /qiuyeqing/llama_prl/G-ARC/outputs/real_video_protocol_pilot_v1/frame_scores_adapter_ready.csv --output-dir /qiuyeqing/llama_prl/G-ARC/outputs/ours_vs_baselines_realcartest_v1/baseline_outputs/ABae_stratified_confirmed_b40_s3 --reference-segments /qiuyeqing/llama_prl/G-ARC/outputs/real_video_protocol_pilot_v1/reference_segments_adapter_ready.csv --budget 40 --seed 3 --run-id ABae_stratified_confirmed_b40_s3
baseline,ABae-stratified-confirmed,40,4,,outputs/ours_vs_baselines_realcartest_v1/baseline_outputs/ABae_stratified_confirmed_b40_s4,PASS,,python /qiuyeqing/llama_prl/G-ARC/refe_repos/adapter/abae_baseline/run.py --input /qiuyeqing/llama_prl/G-ARC/outputs/real_video_protocol_pilot_v1/frame_scores_adapter_ready.csv --output-dir /qiuyeqing/llama_prl/G-ARC/outputs/ours_vs_baselines_realcartest_v1/baseline_outputs/ABae_stratified_confirmed_b40_s4 --reference-segments /qiuyeqing/llama_prl/G-ARC/outputs/real_video_protocol_pilot_v1/reference_segments_adapter_ready.csv --budget 40 --seed 4 --run-id ABae_stratified_confirmed_b40_s4
baseline,ABae-stratified-confirmed,50,0,,outputs/ours_vs_baselines_realcartest_v1/baseline_outputs/ABae_stratified_confirmed_b50_s0,PASS,,python /qiuyeqing/llama_prl/G-ARC/refe_repos/adapter/abae_baseline/run.py --input /qiuyeqing/llama_prl/G-ARC/outputs/real_video_protocol_pilot_v1/frame_scores_adapter_ready.csv --output-dir /qiuyeqing/llama_prl/G-ARC/outputs/ours_vs_baselines_realcartest_v1/baseline_outputs/ABae_stratified_confirmed_b50_s0 --reference-segments /qiuyeqing/llama_prl/G-ARC/outputs/real_video_protocol_pilot_v1/reference_segments_adapter_ready.csv --budget 50 --seed 0 --run-id ABae_stratified_confirmed_b50_s0
baseline,ABae-stratified-confirmed,50,1,,outputs/ours_vs_baselines_realcartest_v1/baseline_outputs/ABae_stratified_confirmed_b50_s1,PASS,,python /qiuyeqing/llama_prl/G-ARC/refe_repos/adapter/abae_baseline/run.py --input /qiuyeqing/llama_prl/G-ARC/outputs/real_video_protocol_pilot_v1/frame_scores_adapter_ready.csv --output-dir /qiuyeqing/llama_prl/G-ARC/outputs/ours_vs_baselines_realcartest_v1/baseline_outputs/ABae_stratified_confirmed_b50_s1 --reference-segments /qiuyeqing/llama_prl/G-ARC/outputs/real_video_protocol_pilot_v1/reference_segments_adapter_ready.csv --budget 50 --seed 1 --run-id ABae_stratified_confirmed_b50_s1
baseline,ABae-stratified-confirmed,50,2,,outputs/ours_vs_baselines_realcartest_v1/baseline_outputs/ABae_stratified_confirmed_b50_s2,PASS,,python /qiuyeqing/llama_prl/G-ARC/refe_repos/adapter/abae_baseline/run.py --input /qiuyeqing/llama_prl/G-ARC/outputs/real_video_protocol_pilot_v1/frame_scores_adapter_ready.csv --output-dir /qiuyeqing/llama_prl/G-ARC/outputs/ours_vs_baselines_realcartest_v1/baseline_outputs/ABae_stratified_confirmed_b50_s2 --reference-segments /qiuyeqing/llama_prl/G-ARC/outputs/real_video_protocol_pilot_v1/reference_segments_adapter_ready.csv --budget 50 --seed 2 --run-id ABae_stratified_confirmed_b50_s2
baseline,ABae-stratified-confirmed,50,3,,outputs/ours_vs_baselines_realcartest_v1/baseline_outputs/ABae_stratified_confirmed_b50_s3,PASS,,python /qiuyeqing/llama_prl/G-ARC/refe_repos/adapter/abae_baseline/run.py --input /qiuyeqing/llama_prl/G-ARC/outputs/real_video_protocol_pilot_v1/frame_scores_adapter_ready.csv --output-dir /qiuyeqing/llama_prl/G-ARC/outputs/ours_vs_baselines_realcartest_v1/baseline_outputs/ABae_stratified_confirmed_b50_s3 --reference-segments /qiuyeqing/llama_prl/G-ARC/outputs/real_video_protocol_pilot_v1/reference_segments_adapter_ready.csv --budget 50 --seed 3 --run-id ABae_stratified_confirmed_b50_s3
baseline,ABae-stratified-confirmed,50,4,,outputs/ours_vs_baselines_realcartest_v1/baseline_outputs/ABae_stratified_confirmed_b50_s4,PASS,,python /qiuyeqing/llama_prl/G-ARC/refe_repos/adapter/abae_baseline/run.py --input /qiuyeqing/llama_prl/G-ARC/outputs/real_video_protocol_pilot_v1/frame_scores_adapter_ready.csv --output-dir /qiuyeqing/llama_prl/G-ARC/outputs/ours_vs_baselines_realcartest_v1/baseline_outputs/ABae_stratified_confirmed_b50_s4 --reference-segments /qiuyeqing/llama_prl/G-ARC/outputs/real_video_protocol_pilot_v1/reference_segments_adapter_ready.csv --budget 50 --seed 4 --run-id ABae_stratified_confirmed_b50_s4
baseline,ABae-stratified-confirmed,80,0,,outputs/ours_vs_baselines_realcartest_v1/baseline_outputs/ABae_stratified_confirmed_b80_s0,PASS,,python /qiuyeqing/llama_prl/G-ARC/refe_repos/adapter/abae_baseline/run.py --input /qiuyeqing/llama_prl/G-ARC/outputs/real_video_protocol_pilot_v1/frame_scores_adapter_ready.csv --output-dir /qiuyeqing/llama_prl/G-ARC/outputs/ours_vs_baselines_realcartest_v1/baseline_outputs/ABae_stratified_confirmed_b80_s0 --reference-segments /qiuyeqing/llama_prl/G-ARC/outputs/real_video_protocol_pilot_v1/reference_segments_adapter_ready.csv --budget 80 --seed 0 --run-id ABae_stratified_confirmed_b80_s0
baseline,ABae-stratified-confirmed,80,1,,outputs/ours_vs_baselines_realcartest_v1/baseline_outputs/ABae_stratified_confirmed_b80_s1,PASS,,python /qiuyeqing/llama_prl/G-ARC/refe_repos/adapter/abae_baseline/run.py --input /qiuyeqing/llama_prl/G-ARC/outputs/real_video_protocol_pilot_v1/frame_scores_adapter_ready.csv --output-dir /qiuyeqing/llama_prl/G-ARC/outputs/ours_vs_baselines_realcartest_v1/baseline_outputs/ABae_stratified_confirmed_b80_s1 --reference-segments /qiuyeqing/llama_prl/G-ARC/outputs/real_video_protocol_pilot_v1/reference_segments_adapter_ready.csv --budget 80 --seed 1 --run-id ABae_stratified_confirmed_b80_s1
baseline,ABae-stratified-confirmed,80,2,,outputs/ours_vs_baselines_realcartest_v1/baseline_outputs/ABae_stratified_confirmed_b80_s2,PASS,,python /qiuyeqing/llama_prl/G-ARC/refe_repos/adapter/abae_baseline/run.py --input /qiuyeqing/llama_prl/G-ARC/outputs/real_video_protocol_pilot_v1/frame_scores_adapter_ready.csv --output-dir /qiuyeqing/llama_prl/G-ARC/outputs/ours_vs_baselines_realcartest_v1/baseline_outputs/ABae_stratified_confirmed_b80_s2 --reference-segments /qiuyeqing/llama_prl/G-ARC/outputs/real_video_protocol_pilot_v1/reference_segments_adapter_ready.csv --budget 80 --seed 2 --run-id ABae_stratified_confirmed_b80_s2
baseline,ABae-stratified-confirmed,80,3,,outputs/ours_vs_baselines_realcartest_v1/baseline_outputs/ABae_stratified_confirmed_b80_s3,PASS,,python /qiuyeqing/llama_prl/G-ARC/refe_repos/adapter/abae_baseline/run.py --input /qiuyeqing/llama_prl/G-ARC/outputs/real_video_protocol_pilot_v1/frame_scores_adapter_ready.csv --output-dir /qiuyeqing/llama_prl/G-ARC/outputs/ours_vs_baselines_realcartest_v1/baseline_outputs/ABae_stratified_confirmed_b80_s3 --reference-segments /qiuyeqing/llama_prl/G-ARC/outputs/real_video_protocol_pilot_v1/reference_segments_adapter_ready.csv --budget 80 --seed 3 --run-id ABae_stratified_confirmed_b80_s3
baseline,ABae-stratified-confirmed,80,4,,outputs/ours_vs_baselines_realcartest_v1/baseline_outputs/ABae_stratified_confirmed_b80_s4,PASS,,python /qiuyeqing/llama_prl/G-ARC/refe_repos/adapter/abae_baseline/run.py --input /qiuyeqing/llama_prl/G-ARC/outputs/real_video_protocol_pilot_v1/frame_scores_adapter_ready.csv --output-dir /qiuyeqing/llama_prl/G-ARC/outputs/ours_vs_baselines_realcartest_v1/baseline_outputs/ABae_stratified_confirmed_b80_s4 --reference-segments /qiuyeqing/llama_prl/G-ARC/outputs/real_video_protocol_pilot_v1/reference_segments_adapter_ready.csv --budget 80 --seed 4 --run-id ABae_stratified_confirmed_b80_s4
baseline,ABae-stratified-confirmed,100,0,,outputs/ours_vs_baselines_realcartest_v1/baseline_outputs/ABae_stratified_confirmed_b100_s0,PASS,,python /qiuyeqing/llama_prl/G-ARC/refe_repos/adapter/abae_baseline/run.py --input /qiuyeqing/llama_prl/G-ARC/outputs/real_video_protocol_pilot_v1/frame_scores_adapter_ready.csv --output-dir /qiuyeqing/llama_prl/G-ARC/outputs/ours_vs_baselines_realcartest_v1/baseline_outputs/ABae_stratified_confirmed_b100_s0 --reference-segments /qiuyeqing/llama_prl/G-ARC/outputs/real_video_protocol_pilot_v1/reference_segments_adapter_ready.csv --budget 100 --seed 0 --run-id ABae_stratified_confirmed_b100_s0
baseline,ABae-stratified-confirmed,100,1,,outputs/ours_vs_baselines_realcartest_v1/baseline_outputs/ABae_stratified_confirmed_b100_s1,PASS,,python /qiuyeqing/llama_prl/G-ARC/refe_repos/adapter/abae_baseline/run.py --input /qiuyeqing/llama_prl/G-ARC/outputs/real_video_protocol_pilot_v1/frame_scores_adapter_ready.csv --output-dir /qiuyeqing/llama_prl/G-ARC/outputs/ours_vs_baselines_realcartest_v1/baseline_outputs/ABae_stratified_confirmed_b100_s1 --reference-segments /qiuyeqing/llama_prl/G-ARC/outputs/real_video_protocol_pilot_v1/reference_segments_adapter_ready.csv --budget 100 --seed 1 --run-id ABae_stratified_confirmed_b100_s1
baseline,ABae-stratified-confirmed,100,2,,outputs/ours_vs_baselines_realcartest_v1/baseline_outputs/ABae_stratified_confirmed_b100_s2,PASS,,python /qiuyeqing/llama_prl/G-ARC/refe_repos/adapter/abae_baseline/run.py --input /qiuyeqing/llama_prl/G-ARC/outputs/real_video_protocol_pilot_v1/frame_scores_adapter_ready.csv --output-dir /qiuyeqing/llama_prl/G-ARC/outputs/ours_vs_baselines_realcartest_v1/baseline_outputs/ABae_stratified_confirmed_b100_s2 --reference-segments /qiuyeqing/llama_prl/G-ARC/outputs/real_video_protocol_pilot_v1/reference_segments_adapter_ready.csv --budget 100 --seed 2 --run-id ABae_stratified_confirmed_b100_s2
baseline,ABae-stratified-confirmed,100,3,,outputs/ours_vs_baselines_realcartest_v1/baseline_outputs/ABae_stratified_confirmed_b100_s3,PASS,,python /qiuyeqing/llama_prl/G-ARC/refe_repos/adapter/abae_baseline/run.py --input /qiuyeqing/llama_prl/G-ARC/outputs/real_video_protocol_pilot_v1/frame_scores_adapter_ready.csv --output-dir /qiuyeqing/llama_prl/G-ARC/outputs/ours_vs_baselines_realcartest_v1/baseline_outputs/ABae_stratified_confirmed_b100_s3 --reference-segments /qiuyeqing/llama_prl/G-ARC/outputs/real_video_protocol_pilot_v1/reference_segments_adapter_ready.csv --budget 100 --seed 3 --run-id ABae_stratified_confirmed_b100_s3
baseline,ABae-stratified-confirmed,100,4,,outputs/ours_vs_baselines_realcartest_v1/baseline_outputs/ABae_stratified_confirmed_b100_s4,PASS,,python /qiuyeqing/llama_prl/G-ARC/refe_repos/adapter/abae_baseline/run.py --input /qiuyeqing/llama_prl/G-ARC/outputs/real_video_protocol_pilot_v1/frame_scores_adapter_ready.csv --output-dir /qiuyeqing/llama_prl/G-ARC/outputs/ours_vs_baselines_realcartest_v1/baseline_outputs/ABae_stratified_confirmed_b100_s4 --reference-segments /qiuyeqing/llama_prl/G-ARC/outputs/real_video_protocol_pilot_v1/reference_segments_adapter_ready.csv --budget 100 --seed 4 --run-id ABae_stratified_confirmed_b100_s4
