benchmark_id,run_id,method,method_variant,seed,horizon_budget,call_idx,action_type,target_type,target_id,unit_id,start_time,end_time,selection_score,selection_rank,selection_reason,state_before_hash,oracle_requested,oracle_label_after_query,state_after_hash,logical_cost,physical_cache_hit,wall_time_seconds
cbbv2_514c0d360fd5b2a4b5fe,controlled_track_B0_uniform_random_random_controlled_bridge_safe_s028_b100,B0_uniform_random,random_controlled_bridge_safe,28,100,0,RANDOM_SAMPLE,unit,unit_0107,107,1070.0,1080.0,0.174240617625629,1,uniform random permutation from fixed seed,000cf17951f2299509cf5d385c7eee70f781f1596695ffabb19a4886c8151f7f,True,negative,479410602ab397e55d49a02e1d515fd252f362766f6232d55301c4288acb7257,1.0,True,0.00019688718020915985
cbbv2_514c0d360fd5b2a4b5fe,controlled_track_B0_uniform_random_random_controlled_bridge_safe_s028_b100,B0_uniform_random,random_controlled_bridge_safe,28,100,1,RANDOM_SAMPLE,unit,unit_0163,163,1630.0,1640.0,0.3372922961039314,2,uniform random permutation from fixed seed,479410602ab397e55d49a02e1d515fd252f362766f6232d55301c4288acb7257,True,negative,e476d99ad42a8e3306fd22d2aa7ee1700a3bf6d1d1ca1578f69d46a396e5652c,1.0,True,0.00015510991215705872
cbbv2_514c0d360fd5b2a4b5fe,controlled_track_B0_uniform_random_random_controlled_bridge_safe_s028_b100,B0_uniform_random,random_controlled_bridge_safe,28,100,2,RANDOM_SAMPLE,unit,unit_0316,316,3160.0,3170.0,0.4997715704242347,3,uniform random permutation from fixed seed,e476d99ad42a8e3306fd22d2aa7ee1700a3bf6d1d1ca1578f69d46a396e5652c,True,negative,a72f9c850929a76a10bbc5aefcbeb37990303f20bb13d0cd20d406a88030f859,1.0,True,0.0001503918319940567
cbbv2_514c0d360fd5b2a4b5fe,controlled_track_B0_uniform_random_random_controlled_bridge_safe_s028_b100,B0_uniform_random,random_controlled_bridge_safe,28,100,3,RANDOM_SAMPLE,unit,unit_0030,30,300.0,310.0,0.4296656456401627,4,uniform random permutation from fixed seed,a72f9c850929a76a10bbc5aefcbeb37990303f20bb13d0cd20d406a88030f859,True,negative,5b6223b4e5e97871933c395602886581a6d8f1be5de091f28842ca3302973c72,1.0,True,0.00014823861420154572
cbbv2_514c0d360fd5b2a4b5fe,controlled_track_B0_uniform_random_random_controlled_bridge_safe_s028_b100,B0_uniform_random,random_controlled_bridge_safe,28,100,4,RANDOM_SAMPLE,unit,unit_0186,186,1860.0,1870.0,0.3819635971068029,5,uniform random permutation from fixed seed,5b6223b4e5e97871933c395602886581a6d8f1be5de091f28842ca3302973c72,True,negative,158576a3cb3142b7f9df04780e53c737358cdaba9b2be5a183ebce9dda839bc8,1.0,True,0.0001483876258134842
cbbv2_514c0d360fd5b2a4b5fe,controlled_track_B0_uniform_random_random_controlled_bridge_safe_s028_b100,B0_uniform_random,random_controlled_bridge_safe,28,100,5,RANDOM_SAMPLE,unit,unit_0322,322,3220.0,3230.0,0.7581504844273542,6,uniform random permutation from fixed seed,158576a3cb3142b7f9df04780e53c737358cdaba9b2be5a183ebce9dda839bc8,True,positive,5274f66175987420695d8082656c2b2f874b075436f1265beddf592591dbd846,1.0,True,0.00014555267989635468
cbbv2_514c0d360fd5b2a4b5fe,controlled_track_B0_uniform_random_random_controlled_bridge_safe_s028_b100,B0_uniform_random,random_controlled_bridge_safe,28,100,6,RANDOM_SAMPLE,unit,unit_0010,10,100.0,110.0,0.3237297614614837,7,uniform random permutation from fixed seed,5274f66175987420695d8082656c2b2f874b075436f1265beddf592591dbd846,True,negative,ff6912c3c267da2f43bbdcf08ceda56834817356826af591d2adf278c2bbcbd0,1.0,True,0.0001458246260881424
cbbv2_514c0d360fd5b2a4b5fe,controlled_track_B0_uniform_random_random_controlled_bridge_safe_s028_b100,B0_uniform_random,random_controlled_bridge_safe,28,100,7,RANDOM_SAMPLE,unit,unit_0180,180,1800.0,1810.0,0.3190475588423606,8,uniform random permutation from fixed seed,ff6912c3c267da2f43bbdcf08ceda56834817356826af591d2adf278c2bbcbd0,True,negative,4ac0e424963d41831ca41f27ca4cc33f2fa7ba240c84864d97b95f00c335dc9b,1.0,True,0.0001550614833831787
cbbv2_514c0d360fd5b2a4b5fe,controlled_track_B0_uniform_random_random_controlled_bridge_safe_s028_b100,B0_uniform_random,random_controlled_bridge_safe,28,100,8,RANDOM_SAMPLE,unit,unit_0093,93,930.0,940.0,0.4456075753409951,9,uniform random permutation from fixed seed,4ac0e424963d41831ca41f27ca4cc33f2fa7ba240c84864d97b95f00c335dc9b,True,negative,6a949acfcb6f4943eda047707324063aaaad725e193c9dcc577c6e7c75182f77,1.0,True,0.00014815479516983032
cbbv2_514c0d360fd5b2a4b5fe,controlled_track_B0_uniform_random_random_controlled_bridge_safe_s028_b100,B0_uniform_random,random_controlled_bridge_safe,28,100,9,RANDOM_SAMPLE,unit,unit_0335,335,3350.0,3360.0,0.6725503195613044,10,uniform random permutation from fixed seed,6a949acfcb6f4943eda047707324063aaaad725e193c9dcc577c6e7c75182f77,True,negative,1dae3780167d08106b4c69347d922678cbf63c4e4fc86d9d733172b2ed3028fa,1.0,True,0.00014783628284931183
cbbv2_514c0d360fd5b2a4b5fe,controlled_track_B0_uniform_random_random_controlled_bridge_safe_s028_b100,B0_uniform_random,random_controlled_bridge_safe,28,100,10,RANDOM_SAMPLE,unit,unit_0097,97,970.0,980.0,0.3493690175125221,11,uniform random permutation from fixed seed,1dae3780167d08106b4c69347d922678cbf63c4e4fc86d9d733172b2ed3028fa,True,negative,48f8dbe4464bf5a84c9838feb8538c87f1df1d5c00181f575ae39be9672099bd,1.0,True,0.00014618225395679474
cbbv2_514c0d360fd5b2a4b5fe,controlled_track_B0_uniform_random_random_controlled_bridge_safe_s028_b100,B0_uniform_random,random_controlled_bridge_safe,28,100,11,RANDOM_SAMPLE,unit,unit_0275,275,2750.0,2760.0,0.378058541394885,12,uniform random permutation from fixed seed,48f8dbe4464bf5a84c9838feb8538c87f1df1d5c00181f575ae39be9672099bd,True,negative,6784af8fa47bd4d6b5472ade2917e75767634aaab4c4bdea74f90be4b896675c,1.0,True,0.0001478586345911026
cbbv2_514c0d360fd5b2a4b5fe,controlled_track_B0_uniform_random_random_controlled_bridge_safe_s028_b100,B0_uniform_random,random_controlled_bridge_safe,28,100,12,RANDOM_SAMPLE,unit,unit_0137,137,1370.0,1380.0,0.3909301684364857,13,uniform random permutation from fixed seed,6784af8fa47bd4d6b5472ade2917e75767634aaab4c4bdea74f90be4b896675c,True,negative,998c4fa81c31d02bba26f802649f7e285de50ce1f98de1bc9287e3187509dc0f,1.0,True,0.00014819763600826263
cbbv2_514c0d360fd5b2a4b5fe,controlled_track_B0_uniform_random_random_controlled_bridge_safe_s028_b100,B0_uniform_random,random_controlled_bridge_safe,28,100,13,RANDOM_SAMPLE,unit,unit_0267,267,2670.0,2680.0,0.6158538890142571,14,uniform random permutation from fixed seed,998c4fa81c31d02bba26f802649f7e285de50ce1f98de1bc9287e3187509dc0f,True,negative,60309e98d29e67dc1ade3926ed65f33a20794d1c272126af33749c4982c757f9,1.0,True,0.0001473948359489441
cbbv2_514c0d360fd5b2a4b5fe,controlled_track_B0_uniform_random_random_controlled_bridge_safe_s028_b100,B0_uniform_random,random_controlled_bridge_safe,28,100,14,RANDOM_SAMPLE,unit,unit_0175,175,1750.0,1760.0,0.4503323426781558,15,uniform random permutation from fixed seed,60309e98d29e67dc1ade3926ed65f33a20794d1c272126af33749c4982c757f9,True,positive,922b7a14a444d7ee6e3864d66aedbec84cf141f3f204325d4e0671360d9886f7,1.0,True,0.00014749541878700256
cbbv2_514c0d360fd5b2a4b5fe,controlled_track_B0_uniform_random_random_controlled_bridge_safe_s028_b100,B0_uniform_random,random_controlled_bridge_safe,28,100,15,RANDOM_SAMPLE,unit,unit_0081,81,810.0,820.0,0.1039355841251171,16,uniform random permutation from fixed seed,922b7a14a444d7ee6e3864d66aedbec84cf141f3f204325d4e0671360d9886f7,True,negative,64568b971db752b4f569ba723b0eef60122584d7783c4f3510b46bbc849ca1a7,1.0,True,0.00014762580394744873
cbbv2_514c0d360fd5b2a4b5fe,controlled_track_B0_uniform_random_random_controlled_bridge_safe_s028_b100,B0_uniform_random,random_controlled_bridge_safe,28,100,16,RANDOM_SAMPLE,unit,unit_0182,182,1820.0,1830.0,0.6645583012625847,17,uniform random permutation from fixed seed,64568b971db752b4f569ba723b0eef60122584d7783c4f3510b46bbc849ca1a7,True,negative,3a612fc32719d8609d0df464a550fec69bd9a6bb638e5f9b3b5584640868adcc,1.0,True,0.0001487787812948227
cbbv2_514c0d360fd5b2a4b5fe,controlled_track_B0_uniform_random_random_controlled_bridge_safe_s028_b100,B0_uniform_random,random_controlled_bridge_safe,28,100,17,RANDOM_SAMPLE,unit,unit_0065,65,650.0,660.0,0.2766299604575029,18,uniform random permutation from fixed seed,3a612fc32719d8609d0df464a550fec69bd9a6bb638e5f9b3b5584640868adcc,True,negative,b738e45bb74ec44755bf1ac58ee2c00dbce437937f9fe30fc83a7ca31c369879,1.0,True,0.00014755502343177795
cbbv2_514c0d360fd5b2a4b5fe,controlled_track_B0_uniform_random_random_controlled_bridge_safe_s028_b100,B0_uniform_random,random_controlled_bridge_safe,28,100,18,RANDOM_SAMPLE,unit,unit_0243,243,2430.0,2440.0,0.3720688238971666,19,uniform random permutation from fixed seed,b738e45bb74ec44755bf1ac58ee2c00dbce437937f9fe30fc83a7ca31c369879,True,negative,ca82b81fcd066f8ef318ac3cb47604c4cc9598a64ec3c2405d470395ab020672,1.0,True,0.00014987215399742126
cbbv2_514c0d360fd5b2a4b5fe,controlled_track_B0_uniform_random_random_controlled_bridge_safe_s028_b100,B0_uniform_random,random_controlled_bridge_safe,28,100,19,RANDOM_SAMPLE,unit,unit_0019,19,190.0,200.0,0.2550138233312732,20,uniform random permutation from fixed seed,ca82b81fcd066f8ef318ac3cb47604c4cc9598a64ec3c2405d470395ab020672,True,negative,562df0a6501ee481cf6a4e14fcfb25df910bd5e4eca5a4b4a23c75a7a861281f,1.0,True,0.00014914944767951965
cbbv2_514c0d360fd5b2a4b5fe,controlled_track_B0_uniform_random_random_controlled_bridge_safe_s028_b100,B0_uniform_random,random_controlled_bridge_safe,28,100,20,RANDOM_SAMPLE,unit,unit_0235,235,2350.0,2360.0,0.4403580059430203,21,uniform random permutation from fixed seed,562df0a6501ee481cf6a4e14fcfb25df910bd5e4eca5a4b4a23c75a7a861281f,True,negative,01aa2a02299d442ec2cca7915e569e1bc5454acef021fa1aab4929cc7590cb47,1.0,True,0.00015073083341121674
cbbv2_514c0d360fd5b2a4b5fe,controlled_track_B0_uniform_random_random_controlled_bridge_safe_s028_b100,B0_uniform_random,random_controlled_bridge_safe,28,100,21,RANDOM_SAMPLE,unit,unit_0120,120,1200.0,1210.0,0.1821303297235211,22,uniform random permutation from fixed seed,01aa2a02299d442ec2cca7915e569e1bc5454acef021fa1aab4929cc7590cb47,True,negative,dcd054716b95829447e296da83d16357232231a7ec25ce1b115562be38df1c0a,1.0,True,0.00015112385153770447
cbbv2_514c0d360fd5b2a4b5fe,controlled_track_B0_uniform_random_random_controlled_bridge_safe_s028_b100,B0_uniform_random,random_controlled_bridge_safe,28,100,22,RANDOM_SAMPLE,unit,unit_0050,50,500.0,510.0,0.3518437070323579,23,uniform random permutation from fixed seed,dcd054716b95829447e296da83d16357232231a7ec25ce1b115562be38df1c0a,True,positive,8d712137b68ed6c0bc2f20c39c3f8424d612e70eb6c7e762a5413959e0bbda06,1.0,True,0.0001499224454164505
cbbv2_514c0d360fd5b2a4b5fe,controlled_track_B0_uniform_random_random_controlled_bridge_safe_s028_b100,B0_uniform_random,random_controlled_bridge_safe,28,100,23,RANDOM_SAMPLE,unit,unit_0155,155,1550.0,1560.0,0.5234286647736183,24,uniform random permutation from fixed seed,8d712137b68ed6c0bc2f20c39c3f8424d612e70eb6c7e762a5413959e0bbda06,True,negative,f37704980c3bbdf857d3029ba579878f29635187f3e6e4d386fbb88a0188a8f1,1.0,True,0.00014968030154705048
cbbv2_514c0d360fd5b2a4b5fe,controlled_track_B0_uniform_random_random_controlled_bridge_safe_s028_b100,B0_uniform_random,random_controlled_bridge_safe,28,100,24,RANDOM_SAMPLE,unit,unit_0000,0,0.0,10.0,0.4178243116174363,25,uniform random permutation from fixed seed,f37704980c3bbdf857d3029ba579878f29635187f3e6e4d386fbb88a0188a8f1,True,negative,9f72c23560efeaf5f1064fdfc461a8c5bca086247940c43be17bd79fcdeb017a,1.0,True,0.00015088357031345367
cbbv2_514c0d360fd5b2a4b5fe,controlled_track_B0_uniform_random_random_controlled_bridge_safe_s028_b100,B0_uniform_random,random_controlled_bridge_safe,28,100,25,RANDOM_SAMPLE,unit,unit_0269,269,2690.0,2700.0,0.2327908926793895,26,uniform random permutation from fixed seed,9f72c23560efeaf5f1064fdfc461a8c5bca086247940c43be17bd79fcdeb017a,True,negative,18a8169f8fa64fd16a8e74698930b7de09cf3e7d0d5901e73f7b4a5a2d187928,1.0,True,0.0001523345708847046
cbbv2_514c0d360fd5b2a4b5fe,controlled_track_B0_uniform_random_random_controlled_bridge_safe_s028_b100,B0_uniform_random,random_controlled_bridge_safe,28,100,26,RANDOM_SAMPLE,unit,unit_0181,181,1810.0,1820.0,0.4330721048239019,27,uniform random permutation from fixed seed,18a8169f8fa64fd16a8e74698930b7de09cf3e7d0d5901e73f7b4a5a2d187928,True,negative,eddddf75a3b2bf0b63d4298a93071eb3c7150f13859243c4c234f0e065bf7c2d,1.0,True,0.0001541581004858017
cbbv2_514c0d360fd5b2a4b5fe,controlled_track_B0_uniform_random_random_controlled_bridge_safe_s028_b100,B0_uniform_random,random_controlled_bridge_safe,28,100,27,RANDOM_SAMPLE,unit,unit_0198,198,1980.0,1990.0,0.4120783790921025,28,uniform random permutation from fixed seed,eddddf75a3b2bf0b63d4298a93071eb3c7150f13859243c4c234f0e065bf7c2d,True,negative,33fd3973dc9e9df49d34305cc5f34e3a9c5456db5765fcae6831fb2844c627b7,1.0,True,0.00015246495604515076
cbbv2_514c0d360fd5b2a4b5fe,controlled_track_B0_uniform_random_random_controlled_bridge_safe_s028_b100,B0_uniform_random,random_controlled_bridge_safe,28,100,28,RANDOM_SAMPLE,unit,unit_0012,12,120.0,130.0,0.1277666661076804,29,uniform random permutation from fixed seed,33fd3973dc9e9df49d34305cc5f34e3a9c5456db5765fcae6831fb2844c627b7,True,negative,703b90bb9c2004c8985fcf2581109abad5b95264c7b903669f02abac21a6cc73,1.0,True,0.0001525040715932846
cbbv2_514c0d360fd5b2a4b5fe,controlled_track_B0_uniform_random_random_controlled_bridge_safe_s028_b100,B0_uniform_random,random_controlled_bridge_safe,28,100,29,RANDOM_SAMPLE,unit,unit_0164,164,1640.0,1650.0,0.5980942230481161,30,uniform random permutation from fixed seed,703b90bb9c2004c8985fcf2581109abad5b95264c7b903669f02abac21a6cc73,True,positive,acff7275f8f58b176851288031a5a614de51802b97723eb10a0849b05a3b6f61,1.0,True,0.0001515652984380722
cbbv2_514c0d360fd5b2a4b5fe,controlled_track_B0_uniform_random_random_controlled_bridge_safe_s028_b100,B0_uniform_random,random_controlled_bridge_safe,28,100,30,RANDOM_SAMPLE,unit,unit_0112,112,1120.0,1130.0,0.1573500168508037,31,uniform random permutation from fixed seed,acff7275f8f58b176851288031a5a614de51802b97723eb10a0849b05a3b6f61,True,negative,b58316706b2cab55ba0b8a36b111bda450e904fdef9e29581373b4a0eb9e67d0,1.0,True,0.00015096552670001984
cbbv2_514c0d360fd5b2a4b5fe,controlled_track_B0_uniform_random_random_controlled_bridge_safe_s028_b100,B0_uniform_random,random_controlled_bridge_safe,28,100,31,RANDOM_SAMPLE,unit,unit_0084,84,840.0,850.0,0.4762936972472052,32,uniform random permutation from fixed seed,b58316706b2cab55ba0b8a36b111bda450e904fdef9e29581373b4a0eb9e67d0,True,negative,d5c7528e4ab97a67d57c2313f44d6de26448258437bdb0b9450b83f72d2aa9c3,1.0,True,0.0001633875072002411
cbbv2_514c0d360fd5b2a4b5fe,controlled_track_B0_uniform_random_random_controlled_bridge_safe_s028_b100,B0_uniform_random,random_controlled_bridge_safe,28,100,32,RANDOM_SAMPLE,unit,unit_0263,263,2630.0,2640.0,0.3977544552097158,33,uniform random permutation from fixed seed,d5c7528e4ab97a67d57c2313f44d6de26448258437bdb0b9450b83f72d2aa9c3,True,negative,ec52ef0e6ec20226e7485628ee79b22272005a513fffbb82e5cdc2e36f40868c,1.0,True,0.0001536346971988678
cbbv2_514c0d360fd5b2a4b5fe,controlled_track_B0_uniform_random_random_controlled_bridge_safe_s028_b100,B0_uniform_random,random_controlled_bridge_safe,28,100,33,RANDOM_SAMPLE,unit,unit_0168,168,1680.0,1690.0,0.6599969286861233,34,uniform random permutation from fixed seed,ec52ef0e6ec20226e7485628ee79b22272005a513fffbb82e5cdc2e36f40868c,True,negative,247ccb18ce6f6bb581aee385efbf134f02ef97ede076c6e64bc0647775c8cc8d,1.0,True,0.00015336647629737854
cbbv2_514c0d360fd5b2a4b5fe,controlled_track_B0_uniform_random_random_controlled_bridge_safe_s028_b100,B0_uniform_random,random_controlled_bridge_safe,28,100,34,RANDOM_SAMPLE,unit,unit_0280,280,2800.0,2810.0,0.62615448184184,35,uniform random permutation from fixed seed,247ccb18ce6f6bb581aee385efbf134f02ef97ede076c6e64bc0647775c8cc8d,True,negative,656e6cfaa7e699b87a6ea01348d8b56429f3e03c9ef4d5ecdabee294bc29bd98,1.0,True,0.00015396997332572937
cbbv2_514c0d360fd5b2a4b5fe,controlled_track_B0_uniform_random_random_controlled_bridge_safe_s028_b100,B0_uniform_random,random_controlled_bridge_safe,28,100,35,RANDOM_SAMPLE,unit,unit_0041,41,410.0,420.0,0.2307763342169852,36,uniform random permutation from fixed seed,656e6cfaa7e699b87a6ea01348d8b56429f3e03c9ef4d5ecdabee294bc29bd98,True,negative,893b9e4dd9ba1036a8ca3d6c8c3c7d5ebcca8e78175de355e03e9039e36b1196,1.0,True,0.00015505217015743256
cbbv2_514c0d360fd5b2a4b5fe,controlled_track_B0_uniform_random_random_controlled_bridge_safe_s028_b100,B0_uniform_random,random_controlled_bridge_safe,28,100,36,RANDOM_SAMPLE,unit,unit_0311,311,3110.0,3120.0,0.2877756170254633,37,uniform random permutation from fixed seed,893b9e4dd9ba1036a8ca3d6c8c3c7d5ebcca8e78175de355e03e9039e36b1196,True,negative,f1fa3521f4df557238131d9eaa35d0fcfafcc0d62f34d96f276d90708cb2903b,1.0,True,0.00015548057854175568
cbbv2_514c0d360fd5b2a4b5fe,controlled_track_B0_uniform_random_random_controlled_bridge_safe_s028_b100,B0_uniform_random,random_controlled_bridge_safe,28,100,37,RANDOM_SAMPLE,unit,unit_0241,241,2410.0,2420.0,0.4457131586563454,38,uniform random permutation from fixed seed,f1fa3521f4df557238131d9eaa35d0fcfafcc0d62f34d96f276d90708cb2903b,True,negative,4f470209692b77aaf20db630d3eb68c2d652b4503cdd559dff6ebdae4efb6701,1.0,True,0.00015456043183803558
cbbv2_514c0d360fd5b2a4b5fe,controlled_track_B0_uniform_random_random_controlled_bridge_safe_s028_b100,B0_uniform_random,random_controlled_bridge_safe,28,100,38,RANDOM_SAMPLE,unit,unit_0184,184,1840.0,1850.0,0.23217751657187,39,uniform random permutation from fixed seed,4f470209692b77aaf20db630d3eb68c2d652b4503cdd559dff6ebdae4efb6701,True,negative,2dd611a5608fb2056fdd24717b3e053daa994386d98211cddcbc74afd15fe8b4,1.0,True,0.0001559332013130188
cbbv2_514c0d360fd5b2a4b5fe,controlled_track_B0_uniform_random_random_controlled_bridge_safe_s028_b100,B0_uniform_random,random_controlled_bridge_safe,28,100,39,RANDOM_SAMPLE,unit,unit_0262,262,2620.0,2630.0,0.384796694443603,40,uniform random permutation from fixed seed,2dd611a5608fb2056fdd24717b3e053daa994386d98211cddcbc74afd15fe8b4,True,negative,141306ece0fab2e8ca2e8e2182dcbd93f17fb23dce95b5ae338a2fd8b979596d,1.0,True,0.00015605241060256958
cbbv2_514c0d360fd5b2a4b5fe,controlled_track_B0_uniform_random_random_controlled_bridge_safe_s028_b100,B0_uniform_random,random_controlled_bridge_safe,28,100,40,RANDOM_SAMPLE,unit,unit_0127,127,1270.0,1280.0,0.1902353295331966,41,uniform random permutation from fixed seed,141306ece0fab2e8ca2e8e2182dcbd93f17fb23dce95b5ae338a2fd8b979596d,True,negative,1a5e0e32c1d1e13e1dcb30383c6c5f1f447ed9cbb62647359632984a7f373cde,1.0,True,0.00015363842248916626
cbbv2_514c0d360fd5b2a4b5fe,controlled_track_B0_uniform_random_random_controlled_bridge_safe_s028_b100,B0_uniform_random,random_controlled_bridge_safe,28,100,41,RANDOM_SAMPLE,unit,unit_0345,345,3450.0,3460.0,0.4455163765397189,42,uniform random permutation from fixed seed,1a5e0e32c1d1e13e1dcb30383c6c5f1f447ed9cbb62647359632984a7f373cde,True,negative,d13c8b4cf6a42d5a1ec89c5a57e3f060b0fbfd8c83845fc4ee6e21bf3e4f7c77,1.0,True,0.0001564323902130127
cbbv2_514c0d360fd5b2a4b5fe,controlled_track_B0_uniform_random_random_controlled_bridge_safe_s028_b100,B0_uniform_random,random_controlled_bridge_safe,28,100,42,RANDOM_SAMPLE,unit,unit_0043,43,430.0,440.0,0.2397879943349526,43,uniform random permutation from fixed seed,d13c8b4cf6a42d5a1ec89c5a57e3f060b0fbfd8c83845fc4ee6e21bf3e4f7c77,True,negative,2c2b2ecf1490d647b614775cc764ede195412353c1743e645443303a1cdc7014,1.0,True,0.0001573767513036728
cbbv2_514c0d360fd5b2a4b5fe,controlled_track_B0_uniform_random_random_controlled_bridge_safe_s028_b100,B0_uniform_random,random_controlled_bridge_safe,28,100,43,RANDOM_SAMPLE,unit,unit_0051,51,510.0,520.0,0.4576929778313021,44,uniform random permutation from fixed seed,2c2b2ecf1490d647b614775cc764ede195412353c1743e645443303a1cdc7014,True,negative,3ba0a96adb3e8d2c5f81fbe0cb6540fe3ae47e17392680c128f3d6291c70780e,1.0,True,0.0001572445034980774
cbbv2_514c0d360fd5b2a4b5fe,controlled_track_B0_uniform_random_random_controlled_bridge_safe_s028_b100,B0_uniform_random,random_controlled_bridge_safe,28,100,44,RANDOM_SAMPLE,unit,unit_0334,334,3340.0,3350.0,0.4017103301846896,45,uniform random permutation from fixed seed,3ba0a96adb3e8d2c5f81fbe0cb6540fe3ae47e17392680c128f3d6291c70780e,True,negative,ca3ce727e97741bdc19059c3a1aaaf67491821eb590fdeafde388ce20818a028,1.0,True,0.00015844590961933136
cbbv2_514c0d360fd5b2a4b5fe,controlled_track_B0_uniform_random_random_controlled_bridge_safe_s028_b100,B0_uniform_random,random_controlled_bridge_safe,28,100,45,RANDOM_SAMPLE,unit,unit_0144,144,1440.0,1450.0,0.4007187555022293,46,uniform random permutation from fixed seed,ca3ce727e97741bdc19059c3a1aaaf67491821eb590fdeafde388ce20818a028,True,negative,566ffb12f8117b991a0d5bccbdbbe1abbd9a21759f0d684c05c58cb1b61615c5,1.0,True,0.00015904754400253296
cbbv2_514c0d360fd5b2a4b5fe,controlled_track_B0_uniform_random_random_controlled_bridge_safe_s028_b100,B0_uniform_random,random_controlled_bridge_safe,28,100,46,RANDOM_SAMPLE,unit,unit_0221,221,2210.0,2220.0,0.4299643396719535,47,uniform random permutation from fixed seed,566ffb12f8117b991a0d5bccbdbbe1abbd9a21759f0d684c05c58cb1b61615c5,True,negative,9b472e84cede0af1b3fce3559e35704153b62bf5fdc8ae16d6d22a19e4b8d846,1.0,True,0.0001607220619916916
cbbv2_514c0d360fd5b2a4b5fe,controlled_track_B0_uniform_random_random_controlled_bridge_safe_s028_b100,B0_uniform_random,random_controlled_bridge_safe,28,100,47,RANDOM_SAMPLE,unit,unit_0143,143,1430.0,1440.0,0.4160161893570795,48,uniform random permutation from fixed seed,9b472e84cede0af1b3fce3559e35704153b62bf5fdc8ae16d6d22a19e4b8d846,True,negative,04fe3ed02935d24419482f476ca24709962ddd34a3b2d43e5b6cdd9e41d6d69e,1.0,True,0.0001613423228263855
cbbv2_514c0d360fd5b2a4b5fe,controlled_track_B0_uniform_random_random_controlled_bridge_safe_s028_b100,B0_uniform_random,random_controlled_bridge_safe,28,100,48,RANDOM_SAMPLE,unit,unit_0236,236,2360.0,2370.0,0.7518636822915334,49,uniform random permutation from fixed seed,04fe3ed02935d24419482f476ca24709962ddd34a3b2d43e5b6cdd9e41d6d69e,True,negative,836babf576dc0a56450498fe40ef3ff1f714f2784bb6b6710c37e905a1260bd0,1.0,True,0.0001609325408935547
cbbv2_514c0d360fd5b2a4b5fe,controlled_track_B0_uniform_random_random_controlled_bridge_safe_s028_b100,B0_uniform_random,random_controlled_bridge_safe,28,100,49,RANDOM_SAMPLE,unit,unit_0202,202,2020.0,2030.0,0.4084844223571989,50,uniform random permutation from fixed seed,836babf576dc0a56450498fe40ef3ff1f714f2784bb6b6710c37e905a1260bd0,True,negative,cc508a0b1bcd26f9b691c6d4038cd3a8fd37e3d6fede4c72851df942c842628e,1.0,True,0.00016088224947452545
cbbv2_514c0d360fd5b2a4b5fe,controlled_track_B0_uniform_random_random_controlled_bridge_safe_s028_b100,B0_uniform_random,random_controlled_bridge_safe,28,100,50,RANDOM_SAMPLE,unit,unit_0304,304,3040.0,3050.0,0.2920734409139772,51,uniform random permutation from fixed seed,cc508a0b1bcd26f9b691c6d4038cd3a8fd37e3d6fede4c72851df942c842628e,True,negative,5aca95d8a57066fb985478b5002cf3a35511e0b9a59c2b403c070dd7d2908183,1.0,True,0.00016216561198234558
cbbv2_514c0d360fd5b2a4b5fe,controlled_track_B0_uniform_random_random_controlled_bridge_safe_s028_b100,B0_uniform_random,random_controlled_bridge_safe,28,100,51,RANDOM_SAMPLE,unit,unit_0154,154,1540.0,1550.0,0.6721170581241085,52,uniform random permutation from fixed seed,5aca95d8a57066fb985478b5002cf3a35511e0b9a59c2b403c070dd7d2908183,True,negative,490286e4e7935c4a704ad24ec5996a380096187922b0fbb450f1211e1fd96d09,1.0,True,0.00016026943922042847
cbbv2_514c0d360fd5b2a4b5fe,controlled_track_B0_uniform_random_random_controlled_bridge_safe_s028_b100,B0_uniform_random,random_controlled_bridge_safe,28,100,52,RANDOM_SAMPLE,unit,unit_0288,288,2880.0,2890.0,0.4902382657737715,53,uniform random permutation from fixed seed,490286e4e7935c4a704ad24ec5996a380096187922b0fbb450f1211e1fd96d09,True,negative,fc38b87a08a599ce72bc60067f1d2b16507edd25ee140dd9a32189f22d014f97,1.0,True,0.00016080960631370544
cbbv2_514c0d360fd5b2a4b5fe,controlled_track_B0_uniform_random_random_controlled_bridge_safe_s028_b100,B0_uniform_random,random_controlled_bridge_safe,28,100,53,RANDOM_SAMPLE,unit,unit_0091,91,910.0,920.0,0.3199514246232651,54,uniform random permutation from fixed seed,fc38b87a08a599ce72bc60067f1d2b16507edd25ee140dd9a32189f22d014f97,True,negative,669f913d4fee7fe36a2cf3dd284e783755fd9a1c516cf5c3fb0f8bafb84a488f,1.0,True,0.0001715105026960373
cbbv2_514c0d360fd5b2a4b5fe,controlled_track_B0_uniform_random_random_controlled_bridge_safe_s028_b100,B0_uniform_random,random_controlled_bridge_safe,28,100,54,RANDOM_SAMPLE,unit,unit_0220,220,2200.0,2210.0,0.627536924637781,55,uniform random permutation from fixed seed,669f913d4fee7fe36a2cf3dd284e783755fd9a1c516cf5c3fb0f8bafb84a488f,True,negative,7a70228c5f0f9802ec1197a2274fe3e85a923511ebaebaa159264151447a348f,1.0,True,0.00016085244715213776
cbbv2_514c0d360fd5b2a4b5fe,controlled_track_B0_uniform_random_random_controlled_bridge_safe_s028_b100,B0_uniform_random,random_controlled_bridge_safe,28,100,55,RANDOM_SAMPLE,unit,unit_0064,64,640.0,650.0,0.457768493917629,56,uniform random permutation from fixed seed,7a70228c5f0f9802ec1197a2274fe3e85a923511ebaebaa159264151447a348f,True,negative,f4f8ad9b7b2104e32e40163fc5fe9c1bbc3b352ecafd1199d907bcaa78cc2d1f,1.0,True,0.00015982985496520996
cbbv2_514c0d360fd5b2a4b5fe,controlled_track_B0_uniform_random_random_controlled_bridge_safe_s028_b100,B0_uniform_random,random_controlled_bridge_safe,28,100,56,RANDOM_SAMPLE,unit,unit_0045,45,450.0,460.0,0.2283165307002384,57,uniform random permutation from fixed seed,f4f8ad9b7b2104e32e40163fc5fe9c1bbc3b352ecafd1199d907bcaa78cc2d1f,True,negative,8f72efb854c9dc493fa650b7f43bb460d77a8f28e02213510df0ed66ac43196b,1.0,True,0.00016157329082489014
cbbv2_514c0d360fd5b2a4b5fe,controlled_track_B0_uniform_random_random_controlled_bridge_safe_s028_b100,B0_uniform_random,random_controlled_bridge_safe,28,100,57,RANDOM_SAMPLE,unit,unit_0126,126,1260.0,1270.0,0.084926140428616,58,uniform random permutation from fixed seed,8f72efb854c9dc493fa650b7f43bb460d77a8f28e02213510df0ed66ac43196b,True,negative,9c3994acdcfe16956b1015c7ca3003ba279041cfdf142f2b4db6b3cf1e600696,1.0,True,0.00016205385327339172
cbbv2_514c0d360fd5b2a4b5fe,controlled_track_B0_uniform_random_random_controlled_bridge_safe_s028_b100,B0_uniform_random,random_controlled_bridge_safe,28,100,58,RANDOM_SAMPLE,unit,unit_0005,5,50.0,60.0,0.383914580742849,59,uniform random permutation from fixed seed,9c3994acdcfe16956b1015c7ca3003ba279041cfdf142f2b4db6b3cf1e600696,True,negative,4ad26cee3b329958860bd2732d5607e907858abef94972b4abfea6056394ab22,1.0,True,0.00016229413449764252
cbbv2_514c0d360fd5b2a4b5fe,controlled_track_B0_uniform_random_random_controlled_bridge_safe_s028_b100,B0_uniform_random,random_controlled_bridge_safe,28,100,59,RANDOM_SAMPLE,unit,unit_0268,268,2680.0,2690.0,0.5280540253639815,60,uniform random permutation from fixed seed,4ad26cee3b329958860bd2732d5607e907858abef94972b4abfea6056394ab22,True,negative,78a45977b527a3f61d36f4746322eb4a9884a206accaa279a8f433c5db965c2d,1.0,True,0.00016676262021064758
cbbv2_514c0d360fd5b2a4b5fe,controlled_track_B0_uniform_random_random_controlled_bridge_safe_s028_b100,B0_uniform_random,random_controlled_bridge_safe,28,100,60,RANDOM_SAMPLE,unit,unit_0077,77,770.0,780.0,0.2376433460301295,61,uniform random permutation from fixed seed,78a45977b527a3f61d36f4746322eb4a9884a206accaa279a8f433c5db965c2d,True,negative,cf78f1ef32d752e3eca0c622b3f791ce8f8549344bee5c6e8d29f93d8b0cf6ca,1.0,True,0.00016598030924797058
cbbv2_514c0d360fd5b2a4b5fe,controlled_track_B0_uniform_random_random_controlled_bridge_safe_s028_b100,B0_uniform_random,random_controlled_bridge_safe,28,100,61,RANDOM_SAMPLE,unit,unit_0061,61,610.0,620.0,0.5750501688477344,62,uniform random permutation from fixed seed,cf78f1ef32d752e3eca0c622b3f791ce8f8549344bee5c6e8d29f93d8b0cf6ca,True,negative,c78102df5e9f3b73aa21dc36d0e9b9e6535bba683ec16e9a20d0d8c91205f2ee,1.0,True,0.00016410648822784424
cbbv2_514c0d360fd5b2a4b5fe,controlled_track_B0_uniform_random_random_controlled_bridge_safe_s028_b100,B0_uniform_random,random_controlled_bridge_safe,28,100,62,RANDOM_SAMPLE,unit,unit_0207,207,2070.0,2080.0,0.6669429676639037,63,uniform random permutation from fixed seed,c78102df5e9f3b73aa21dc36d0e9b9e6535bba683ec16e9a20d0d8c91205f2ee,True,negative,606f974ddd125aa0f4f3cc7b50ee153ef4ae34b35398144faa3d06c7080bdec8,1.0,True,0.00016378797590732574
cbbv2_514c0d360fd5b2a4b5fe,controlled_track_B0_uniform_random_random_controlled_bridge_safe_s028_b100,B0_uniform_random,random_controlled_bridge_safe,28,100,63,RANDOM_SAMPLE,unit,unit_0106,106,1060.0,1070.0,0.3018923539382357,64,uniform random permutation from fixed seed,606f974ddd125aa0f4f3cc7b50ee153ef4ae34b35398144faa3d06c7080bdec8,True,negative,4b70fe0c14a0f65e2a7048b4a9550d3133d14203f3f5cc6fe8db3dfb5606bfb6,1.0,True,0.0001687966287136078
cbbv2_514c0d360fd5b2a4b5fe,controlled_track_B0_uniform_random_random_controlled_bridge_safe_s028_b100,B0_uniform_random,random_controlled_bridge_safe,28,100,64,RANDOM_SAMPLE,unit,unit_0324,324,3240.0,3250.0,0.2475909881264669,65,uniform random permutation from fixed seed,4b70fe0c14a0f65e2a7048b4a9550d3133d14203f3f5cc6fe8db3dfb5606bfb6,True,negative,f4f112dffd1616354890cb794254d522be62688952fbf2465c22235e144b34f4,1.0,True,0.00017082132399082184
cbbv2_514c0d360fd5b2a4b5fe,controlled_track_B0_uniform_random_random_controlled_bridge_safe_s028_b100,B0_uniform_random,random_controlled_bridge_safe,28,100,65,RANDOM_SAMPLE,unit,unit_0049,49,490.0,500.0,0.2241568501416128,66,uniform random permutation from fixed seed,f4f112dffd1616354890cb794254d522be62688952fbf2465c22235e144b34f4,True,negative,9fe4e342c1024d124c3a724f6a33f850db85cf3f32350800a0586060afa11d0e,1.0,True,0.00017008930444717407
cbbv2_514c0d360fd5b2a4b5fe,controlled_track_B0_uniform_random_random_controlled_bridge_safe_s028_b100,B0_uniform_random,random_controlled_bridge_safe,28,100,66,RANDOM_SAMPLE,unit,unit_0249,249,2490.0,2500.0,0.5484630850340604,67,uniform random permutation from fixed seed,9fe4e342c1024d124c3a724f6a33f850db85cf3f32350800a0586060afa11d0e,True,negative,c0330b027a552520efdaa3cc9a1ccb21631f7d6c95fdb4489a4d1a050725a76e,1.0,True,0.00017022714018821716
cbbv2_514c0d360fd5b2a4b5fe,controlled_track_B0_uniform_random_random_controlled_bridge_safe_s028_b100,B0_uniform_random,random_controlled_bridge_safe,28,100,67,RANDOM_SAMPLE,unit,unit_0279,279,2790.0,2800.0,0.4945212437396654,68,uniform random permutation from fixed seed,c0330b027a552520efdaa3cc9a1ccb21631f7d6c95fdb4489a4d1a050725a76e,True,negative,af51aae347200fd24bcca8ad3da1c23409b643174a5a5b66fb6f2e12591cd427,1.0,True,0.0001712404191493988
cbbv2_514c0d360fd5b2a4b5fe,controlled_track_B0_uniform_random_random_controlled_bridge_safe_s028_b100,B0_uniform_random,random_controlled_bridge_safe,28,100,68,RANDOM_SAMPLE,unit,unit_0277,277,2770.0,2780.0,0.4080007176959337,69,uniform random permutation from fixed seed,af51aae347200fd24bcca8ad3da1c23409b643174a5a5b66fb6f2e12591cd427,True,negative,3fda158a7fe1d97d7355da1348b3e26e51b55d5eb511f644164c3be894dfb90d,1.0,True,0.0001726839691400528
cbbv2_514c0d360fd5b2a4b5fe,controlled_track_B0_uniform_random_random_controlled_bridge_safe_s028_b100,B0_uniform_random,random_controlled_bridge_safe,28,100,69,RANDOM_SAMPLE,unit,unit_0248,248,2480.0,2490.0,0.6047472460055555,70,uniform random permutation from fixed seed,3fda158a7fe1d97d7355da1348b3e26e51b55d5eb511f644164c3be894dfb90d,True,negative,9c4a53f9358fa5c319f1bea90a7b7d133b5ea6610ba914f331c5b777889b83f5,1.0,True,0.00017031840980052948
cbbv2_514c0d360fd5b2a4b5fe,controlled_track_B0_uniform_random_random_controlled_bridge_safe_s028_b100,B0_uniform_random,random_controlled_bridge_safe,28,100,70,RANDOM_SAMPLE,unit,unit_0325,325,3250.0,3260.0,0.1486211617835075,71,uniform random permutation from fixed seed,9c4a53f9358fa5c319f1bea90a7b7d133b5ea6610ba914f331c5b777889b83f5,True,positive,7060c1d5585a75b61f64703f63569e1aa6060f038ff9c2287a05ac01ceae9adf,1.0,True,0.00017044879496097565
cbbv2_514c0d360fd5b2a4b5fe,controlled_track_B0_uniform_random_random_controlled_bridge_safe_s028_b100,B0_uniform_random,random_controlled_bridge_safe,28,100,71,RANDOM_SAMPLE,unit,unit_0344,344,3440.0,3450.0,0.5023935252408356,72,uniform random permutation from fixed seed,7060c1d5585a75b61f64703f63569e1aa6060f038ff9c2287a05ac01ceae9adf,True,negative,e287d3ad72693c841a05e6b9aabddad9848fc9477c92dca4d0ade91f7686ed94,1.0,True,0.0001699291169643402
cbbv2_514c0d360fd5b2a4b5fe,controlled_track_B0_uniform_random_random_controlled_bridge_safe_s028_b100,B0_uniform_random,random_controlled_bridge_safe,28,100,72,RANDOM_SAMPLE,unit,unit_0342,342,3420.0,3430.0,0.5530783112285766,73,uniform random permutation from fixed seed,e287d3ad72693c841a05e6b9aabddad9848fc9477c92dca4d0ade91f7686ed94,True,negative,8ad0bee78e7de39cbab808229379a7037691033dfa2c1897f9bddab727c7691e,1.0,True,0.00017182156443595886
cbbv2_514c0d360fd5b2a4b5fe,controlled_track_B0_uniform_random_random_controlled_bridge_safe_s028_b100,B0_uniform_random,random_controlled_bridge_safe,28,100,73,RANDOM_SAMPLE,unit,unit_0029,29,290.0,300.0,0.3360568103438548,74,uniform random permutation from fixed seed,8ad0bee78e7de39cbab808229379a7037691033dfa2c1897f9bddab727c7691e,True,negative,e16077cac453b75f41dbe736349614990f6c37538e6b4f578655df02c79f926f,1.0,True,0.0001837369054555893
cbbv2_514c0d360fd5b2a4b5fe,controlled_track_B0_uniform_random_random_controlled_bridge_safe_s028_b100,B0_uniform_random,random_controlled_bridge_safe,28,100,74,RANDOM_SAMPLE,unit,unit_0179,179,1790.0,1800.0,0.2193469155646167,75,uniform random permutation from fixed seed,e16077cac453b75f41dbe736349614990f6c37538e6b4f578655df02c79f926f,True,positive,66df3d82e18f500297e87d821ab1cfc9dcdbacf1219194653218aaafc82cb381,1.0,True,0.00017221085727214813
cbbv2_514c0d360fd5b2a4b5fe,controlled_track_B0_uniform_random_random_controlled_bridge_safe_s028_b100,B0_uniform_random,random_controlled_bridge_safe,28,100,75,RANDOM_SAMPLE,unit,unit_0273,273,2730.0,2740.0,0.3623552572925591,76,uniform random permutation from fixed seed,66df3d82e18f500297e87d821ab1cfc9dcdbacf1219194653218aaafc82cb381,True,negative,53af85909019b1b2882d6aad14a0d9f6b6e473f185897f61f4ce7f1d994f9cef,1.0,True,0.00017005950212478638
cbbv2_514c0d360fd5b2a4b5fe,controlled_track_B0_uniform_random_random_controlled_bridge_safe_s028_b100,B0_uniform_random,random_controlled_bridge_safe,28,100,76,RANDOM_SAMPLE,unit,unit_0301,301,3010.0,3020.0,0.2873738477786014,77,uniform random permutation from fixed seed,53af85909019b1b2882d6aad14a0d9f6b6e473f185897f61f4ce7f1d994f9cef,True,negative,b0414d36beab803aa567baecdf47fcd25357bf75a573f69066adc546a4983c60,1.0,True,0.00017402693629264832
cbbv2_514c0d360fd5b2a4b5fe,controlled_track_B0_uniform_random_random_controlled_bridge_safe_s028_b100,B0_uniform_random,random_controlled_bridge_safe,28,100,77,RANDOM_SAMPLE,unit,unit_0328,328,3280.0,3290.0,0.421827826493355,78,uniform random permutation from fixed seed,b0414d36beab803aa567baecdf47fcd25357bf75a573f69066adc546a4983c60,True,negative,fa8408781eb12bd8e26ea26689c0ce6e4ecac912ed37294adabfb76c5913d27d,1.0,True,0.00017271190881729126
cbbv2_514c0d360fd5b2a4b5fe,controlled_track_B0_uniform_random_random_controlled_bridge_safe_s028_b100,B0_uniform_random,random_controlled_bridge_safe,28,100,78,RANDOM_SAMPLE,unit,unit_0298,298,2980.0,2990.0,0.4547275696341157,79,uniform random permutation from fixed seed,fa8408781eb12bd8e26ea26689c0ce6e4ecac912ed37294adabfb76c5913d27d,True,negative,4a009e341859df9d9014388c4f0366f7e2218d1d6cd2e3d818f390c1ea5435fc,1.0,True,0.00017331354320049286
cbbv2_514c0d360fd5b2a4b5fe,controlled_track_B0_uniform_random_random_controlled_bridge_safe_s028_b100,B0_uniform_random,random_controlled_bridge_safe,28,100,79,RANDOM_SAMPLE,unit,unit_0270,270,2700.0,2710.0,0.3528406856820122,80,uniform random permutation from fixed seed,4a009e341859df9d9014388c4f0366f7e2218d1d6cd2e3d818f390c1ea5435fc,True,negative,7da2c72ea715bc770a2ebfc3a769c163facf1715fe6ceecf29914c1b129ffe78,1.0,True,0.00017357617616653442
cbbv2_514c0d360fd5b2a4b5fe,controlled_track_B0_uniform_random_random_controlled_bridge_safe_s028_b100,B0_uniform_random,random_controlled_bridge_safe,28,100,80,RANDOM_SAMPLE,unit,unit_0130,130,1300.0,1310.0,0.0,81,uniform random permutation from fixed seed,7da2c72ea715bc770a2ebfc3a769c163facf1715fe6ceecf29914c1b129ffe78,True,negative,b081ce5a406c5a033afae4bfb13afd2143e73146aa562afb3eced52271de27e1,1.0,True,0.0001728832721710205
cbbv2_514c0d360fd5b2a4b5fe,controlled_track_B0_uniform_random_random_controlled_bridge_safe_s028_b100,B0_uniform_random,random_controlled_bridge_safe,28,100,81,RANDOM_SAMPLE,unit,unit_0121,121,1210.0,1220.0,0.5973715550765036,82,uniform random permutation from fixed seed,b081ce5a406c5a033afae4bfb13afd2143e73146aa562afb3eced52271de27e1,True,negative,93378dd0859df78393baff4a689181f46d8b3c9b8537de01da3980d3c766cbb6,1.0,True,0.00017316453158855438
cbbv2_514c0d360fd5b2a4b5fe,controlled_track_B0_uniform_random_random_controlled_bridge_safe_s028_b100,B0_uniform_random,random_controlled_bridge_safe,28,100,82,RANDOM_SAMPLE,unit,unit_0153,153,1530.0,1540.0,0.513405906740442,83,uniform random permutation from fixed seed,93378dd0859df78393baff4a689181f46d8b3c9b8537de01da3980d3c766cbb6,True,negative,8b1d493fbafb61b5d71ed10eb8368347c78585d8b65075914f60b089ba68ef0d,1.0,True,0.00017533637583255768
cbbv2_514c0d360fd5b2a4b5fe,controlled_track_B0_uniform_random_random_controlled_bridge_safe_s028_b100,B0_uniform_random,random_controlled_bridge_safe,28,100,83,RANDOM_SAMPLE,unit,unit_0278,278,2780.0,2790.0,0.5197236376633201,84,uniform random permutation from fixed seed,8b1d493fbafb61b5d71ed10eb8368347c78585d8b65075914f60b089ba68ef0d,True,negative,93796483094a41363bd0cbe45de7c83d7c10e13fcf9c44da235cb25e2f08c684,1.0,True,0.0001739170402288437
cbbv2_514c0d360fd5b2a4b5fe,controlled_track_B0_uniform_random_random_controlled_bridge_safe_s028_b100,B0_uniform_random,random_controlled_bridge_safe,28,100,84,RANDOM_SAMPLE,unit,unit_0286,286,2860.0,2870.0,0.351969411200378,85,uniform random permutation from fixed seed,93796483094a41363bd0cbe45de7c83d7c10e13fcf9c44da235cb25e2f08c684,True,negative,e7be97e3b053d4391f04f0a40c8a3490c0720212e09aff1204facf889fc58e59,1.0,True,0.0001741945743560791
cbbv2_514c0d360fd5b2a4b5fe,controlled_track_B0_uniform_random_random_controlled_bridge_safe_s028_b100,B0_uniform_random,random_controlled_bridge_safe,28,100,85,RANDOM_SAMPLE,unit,unit_0242,242,2420.0,2430.0,0.5296012171719338,86,uniform random permutation from fixed seed,e7be97e3b053d4391f04f0a40c8a3490c0720212e09aff1204facf889fc58e59,True,negative,fc7a8ecc8bd827a03a3c96ee06b53fb054a9649a082807016090f47775dc8a11,1.0,True,0.00017689168453216553
cbbv2_514c0d360fd5b2a4b5fe,controlled_track_B0_uniform_random_random_controlled_bridge_safe_s028_b100,B0_uniform_random,random_controlled_bridge_safe,28,100,86,RANDOM_SAMPLE,unit,unit_0011,11,110.0,120.0,0.627852727001035,87,uniform random permutation from fixed seed,fc7a8ecc8bd827a03a3c96ee06b53fb054a9649a082807016090f47775dc8a11,True,negative,7fcc51e272167702d3cd3903435ed621a6ae10e41375874b14644953ad8a4fd8,1.0,True,0.00017496757209300995
cbbv2_514c0d360fd5b2a4b5fe,controlled_track_B0_uniform_random_random_controlled_bridge_safe_s028_b100,B0_uniform_random,random_controlled_bridge_safe,28,100,87,RANDOM_SAMPLE,unit,unit_0102,102,1020.0,1030.0,0.3165040436766181,88,uniform random permutation from fixed seed,7fcc51e272167702d3cd3903435ed621a6ae10e41375874b14644953ad8a4fd8,True,negative,0d96b204f96f79af4d9be5cc7704d2c73255cc2fba52519a2857cbc615f325bd,1.0,True,0.00017539970576763153
cbbv2_514c0d360fd5b2a4b5fe,controlled_track_B0_uniform_random_random_controlled_bridge_safe_s028_b100,B0_uniform_random,random_controlled_bridge_safe,28,100,88,RANDOM_SAMPLE,unit,unit_0281,281,2810.0,2820.0,0.3221301315458472,89,uniform random permutation from fixed seed,0d96b204f96f79af4d9be5cc7704d2c73255cc2fba52519a2857cbc615f325bd,True,negative,a711f63c1506093650957f4f6c2feac3024e03757da46e56a89e85246ae456be,1.0,True,0.00017687305808067322
cbbv2_514c0d360fd5b2a4b5fe,controlled_track_B0_uniform_random_random_controlled_bridge_safe_s028_b100,B0_uniform_random,random_controlled_bridge_safe,28,100,89,RANDOM_SAMPLE,unit,unit_0261,261,2610.0,2620.0,0.2048361559419575,90,uniform random permutation from fixed seed,a711f63c1506093650957f4f6c2feac3024e03757da46e56a89e85246ae456be,True,negative,1d715b1bb73238972f211d7395eb6dc6873c7a13d274d5f98bd25f23dd08ba83,1.0,True,0.00017555616796016693
cbbv2_514c0d360fd5b2a4b5fe,controlled_track_B0_uniform_random_random_controlled_bridge_safe_s028_b100,B0_uniform_random,random_controlled_bridge_safe,28,100,90,RANDOM_SAMPLE,unit,unit_0300,300,3000.0,3010.0,0.4618420195731534,91,uniform random permutation from fixed seed,1d715b1bb73238972f211d7395eb6dc6873c7a13d274d5f98bd25f23dd08ba83,True,negative,f9cc0fd68e8e0a722e83867aeb2c50e8d4653345afa9ab0352a5a19418cc13de,1.0,True,0.00017835572361946106
cbbv2_514c0d360fd5b2a4b5fe,controlled_track_B0_uniform_random_random_controlled_bridge_safe_s028_b100,B0_uniform_random,random_controlled_bridge_safe,28,100,91,RANDOM_SAMPLE,unit,unit_0238,238,2380.0,2390.0,0.608720967696707,92,uniform random permutation from fixed seed,f9cc0fd68e8e0a722e83867aeb2c50e8d4653345afa9ab0352a5a19418cc13de,True,negative,25cf7e17b8f31ae735e1038173edf9279328b0af0c6d2d62edf66c41c7219847,1.0,True,0.00018573738634586334
cbbv2_514c0d360fd5b2a4b5fe,controlled_track_B0_uniform_random_random_controlled_bridge_safe_s028_b100,B0_uniform_random,random_controlled_bridge_safe,28,100,92,RANDOM_SAMPLE,unit,unit_0148,148,1480.0,1490.0,0.4606376441005996,93,uniform random permutation from fixed seed,25cf7e17b8f31ae735e1038173edf9279328b0af0c6d2d62edf66c41c7219847,True,negative,fc603f6e11cba7d5c822fa7090f2d9d7721aa348fd99790ab0dc54b6e2fadff4,1.0,True,0.00017979927361011505
cbbv2_514c0d360fd5b2a4b5fe,controlled_track_B0_uniform_random_random_controlled_bridge_safe_s028_b100,B0_uniform_random,random_controlled_bridge_safe,28,100,93,RANDOM_SAMPLE,unit,unit_0080,80,800.0,810.0,0.2443740331051562,94,uniform random permutation from fixed seed,fc603f6e11cba7d5c822fa7090f2d9d7721aa348fd99790ab0dc54b6e2fadff4,True,negative,b177df11cab46f9c68d59abd235d40884f00880e81821797d6e5a76856131c1f,1.0,True,0.00017944537103176117
cbbv2_514c0d360fd5b2a4b5fe,controlled_track_B0_uniform_random_random_controlled_bridge_safe_s028_b100,B0_uniform_random,random_controlled_bridge_safe,28,100,94,RANDOM_SAMPLE,unit,unit_0060,60,600.0,610.0,0.3675798033596855,95,uniform random permutation from fixed seed,b177df11cab46f9c68d59abd235d40884f00880e81821797d6e5a76856131c1f,True,positive,df6ab368a7509a7153458cb3fc550bbbfc8240a84bee39e9ae9be7f93a0a3f7d,1.0,True,0.00017967820167541504
cbbv2_514c0d360fd5b2a4b5fe,controlled_track_B0_uniform_random_random_controlled_bridge_safe_s028_b100,B0_uniform_random,random_controlled_bridge_safe,28,100,95,RANDOM_SAMPLE,unit,unit_0161,161,1610.0,1620.0,0.1902821815180181,96,uniform random permutation from fixed seed,df6ab368a7509a7153458cb3fc550bbbfc8240a84bee39e9ae9be7f93a0a3f7d,True,positive,81f038dfa2cdcfa1a6119521605e0223f243a440e8482112185c7f27879e7d90,1.0,True,0.00017875619232654572
cbbv2_514c0d360fd5b2a4b5fe,controlled_track_B0_uniform_random_random_controlled_bridge_safe_s028_b100,B0_uniform_random,random_controlled_bridge_safe,28,100,96,RANDOM_SAMPLE,unit,unit_0057,57,570.0,580.0,0.4194941543365296,97,uniform random permutation from fixed seed,81f038dfa2cdcfa1a6119521605e0223f243a440e8482112185c7f27879e7d90,True,positive,476ab7ce0b17dbe6f592c117f4909d9077ed96b6241b70b02490262e79f37758,1.0,True,0.00018123909831047058
cbbv2_514c0d360fd5b2a4b5fe,controlled_track_B0_uniform_random_random_controlled_bridge_safe_s028_b100,B0_uniform_random,random_controlled_bridge_safe,28,100,97,RANDOM_SAMPLE,unit,unit_0013,13,130.0,140.0,0.2250997724941577,98,uniform random permutation from fixed seed,476ab7ce0b17dbe6f592c117f4909d9077ed96b6241b70b02490262e79f37758,True,negative,8af8b059a14bbd8fcd925c2915c35fe8114a01428e0afd4122a41a4bab91951a,1.0,True,0.0001789536327123642
cbbv2_514c0d360fd5b2a4b5fe,controlled_track_B0_uniform_random_random_controlled_bridge_safe_s028_b100,B0_uniform_random,random_controlled_bridge_safe,28,100,98,RANDOM_SAMPLE,unit,unit_0257,257,2570.0,2580.0,0.8977153935850036,99,uniform random permutation from fixed seed,8af8b059a14bbd8fcd925c2915c35fe8114a01428e0afd4122a41a4bab91951a,True,negative,f060f2a7a9ea40e1240701322370dee2f0baf912bdec0222b777540fbed6990a,1.0,True,0.0001814812421798706
cbbv2_514c0d360fd5b2a4b5fe,controlled_track_B0_uniform_random_random_controlled_bridge_safe_s028_b100,B0_uniform_random,random_controlled_bridge_safe,28,100,99,RANDOM_SAMPLE,unit,unit_0289,289,2890.0,2900.0,0.4353817230664677,100,uniform random permutation from fixed seed,f060f2a7a9ea40e1240701322370dee2f0baf912bdec0222b777540fbed6990a,True,negative,8f1521a7b86bd0219f5fd076a9f31454d10cef4b975205c8fd7c708a004b7210,1.0,True,0.00018152035772800446
